"","accuracy","deviation","slope","cells"
"1",0,0,0.5,7
"2",0.31,0.25,0.5,7
"3",0.376,0.5,0.5,7
"4",0.425,0.7,0.5,7
"5",0.421,1,0.5,7
"6",0,0,0.5,16
"7",0.147,0.25,0.5,16
"8",0.297,0.5,0.5,16
"9",0.371,0.7,0.5,16
"10",0.419,1,0.5,16
"11",0,0,0.5,20
"12",0.13,0.25,0.5,20
"13",0.308,0.5,0.5,20
"14",0.34,0.7,0.5,20
"15",0.375,1,0.5,20
"16",0,0,0.5,30
"17",0.081,0.25,0.5,30
"18",0.28,0.5,0.5,30
"19",0.297,0.7,0.5,30
"20",0.373,1,0.5,30
"21",0,0,0.5,100
"22",0.002,0.25,0.5,100
"23",0.084,0.5,0.5,100
"24",0.158,0.7,0.5,100
"25",0.199,1,0.5,100
