"","accuracy","deviation","slope","cells"
"1",0,0,0.5,7
"2",0.264,0.25,0.5,7
"3",0.378,0.5,0.5,7
"4",0.441,0.7,0.5,7
"5",0.433,1,0.5,7
"6",0,0,0.5,16
"7",0.165,0.25,0.5,16
"8",0.3,0.5,0.5,16
"9",0.354,0.7,0.5,16
"10",0.449,1,0.5,16
"11",0,0,0.5,20
"12",0.13,0.25,0.5,20
"13",0.231,0.5,0.5,20
"14",0.363,0.7,0.5,20
"15",0.408,1,0.5,20
"16",0,0,0.5,30
"17",0.079,0.25,0.5,30
"18",0.228,0.5,0.5,30
"19",0.325,0.7,0.5,30
"20",0.357,1,0.5,30
"21",0,0,0.5,100
"22",0.001,0.25,0.5,100
"23",0.083,0.5,0.5,100
"24",0.157,0.7,0.5,100
"25",0.219,1,0.5,100
