"","accuracy","deviation","slope","cells"
"1",0.329,0.5,0.75,7
"2",0.247,0.5,0.75,16
"3",0.235,0.5,0.75,20
"4",0.126,0.5,0.75,30
"5",0.019,0.5,0.75,100
"6",0.329,1.5,2.25,7
"7",0.24,1.5,2.25,16
"8",0.18,1.5,2.25,20
"9",0.121,1.5,2.25,30
"10",0.011,1.5,2.25,100
"11",0.334,1,1.5,7
"12",0.228,1,1.5,16
"13",0.175,1,1.5,20
"14",0.134,1,1.5,30
"15",0.015,1,1.5,100
"16",0.326,2,3,7
"17",0.207,2,3,16
"18",0.192,2,3,20
"19",0.126,2,3,30
"20",0.032,2,3,100
"21",0.308,3,4.5,7
"22",0.218,3,4.5,16
"23",0.189,3,4.5,20
"24",0.113,3,4.5,30
"25",0.025,3,4.5,100
