"","accuracy","deviation","slope","cells"
"1",0.322,0.5,0.75,7
"2",0.205,0.5,0.75,16
"3",0.161,0.5,0.75,20
"4",0.146,0.5,0.75,30
"5",0.016,0.5,0.75,100
"6",0.337,1.5,2.25,7
"7",0.218,1.5,2.25,16
"8",0.189,1.5,2.25,20
"9",0.135,1.5,2.25,30
"10",0.021,1.5,2.25,100
"11",0.294,1,1.5,7
"12",0.22,1,1.5,16
"13",0.185,1,1.5,20
"14",0.116,1,1.5,30
"15",0.018,1,1.5,100
"16",0.319,2,3,7
"17",0.233,2,3,16
"18",0.196,2,3,20
"19",0.148,2,3,30
"20",0.016,2,3,100
"21",0.345,3,4.5,7
"22",0.234,3,4.5,16
"23",0.182,3,4.5,20
"24",0.117,3,4.5,30
"25",0.022,3,4.5,100
