"","accuracy","deviation","slope","cells"
"1",0.321,0.5,0.75,7
"2",0.224,0.5,0.75,16
"3",0.191,0.5,0.75,20
"4",0.139,0.5,0.75,30
"5",0.015,0.5,0.75,100
"6",0.324,1.5,2.25,7
"7",0.238,1.5,2.25,16
"8",0.171,1.5,2.25,20
"9",0.147,1.5,2.25,30
"10",0.022,1.5,2.25,100
"11",0.331,1,1.5,7
"12",0.198,1,1.5,16
"13",0.174,1,1.5,20
"14",0.152,1,1.5,30
"15",0.018,1,1.5,100
"16",0.337,2,3,7
"17",0.208,2,3,16
"18",0.21,2,3,20
"19",0.131,2,3,30
"20",0.022,2,3,100
"21",0.337,3,4.5,7
"22",0.255,3,4.5,16
"23",0.185,3,4.5,20
"24",0.128,3,4.5,30
"25",0.012,3,4.5,100
