"","accuracy","deviation","slope","cells"
"1",0.316,0.5,0.75,7
"2",0.202,0.5,0.75,16
"3",0.218,0.5,0.75,20
"4",0.159,0.5,0.75,30
"5",0.024,0.5,0.75,100
"6",0.317,1.5,2.25,7
"7",0.245,1.5,2.25,16
"8",0.21,1.5,2.25,20
"9",0.144,1.5,2.25,30
"10",0.019,1.5,2.25,100
"11",0.309,1,1.5,7
"12",0.214,1,1.5,16
"13",0.203,1,1.5,20
"14",0.128,1,1.5,30
"15",0.017,1,1.5,100
"16",0.346,2,3,7
"17",0.233,2,3,16
"18",0.192,2,3,20
"19",0.125,2,3,30
"20",0.014,2,3,100
"21",0.326,3,4.5,7
"22",0.24,3,4.5,16
"23",0.217,3,4.5,20
"24",0.152,3,4.5,30
"25",0.017,3,4.5,100
