"","accuracy","deviation","slope","cells"
"1",0.35,0.5,0.75,7
"2",0.211,0.5,0.75,16
"3",0.163,0.5,0.75,20
"4",0.164,0.5,0.75,30
"5",0.026,0.5,0.75,100
"6",0.308,1.5,2.25,7
"7",0.22,1.5,2.25,16
"8",0.183,1.5,2.25,20
"9",0.135,1.5,2.25,30
"10",0.016,1.5,2.25,100
"11",0.333,1,1.5,7
"12",0.238,1,1.5,16
"13",0.183,1,1.5,20
"14",0.156,1,1.5,30
"15",0.022,1,1.5,100
"16",0.321,2,3,7
"17",0.236,2,3,16
"18",0.211,2,3,20
"19",0.139,2,3,30
"20",0.027,2,3,100
"21",0.32,3,4.5,7
"22",0.226,3,4.5,16
"23",0.199,3,4.5,20
"24",0.144,3,4.5,30
"25",0.015,3,4.5,100
