"","accuracy","deviation","slope","cells"
"1",0.345,0.5,0.75,7
"2",0.231,0.5,0.75,16
"3",0.186,0.5,0.75,20
"4",0.13,0.5,0.75,30
"5",0.018,0.5,0.75,100
"6",0.308,1.5,2.25,7
"7",0.231,1.5,2.25,16
"8",0.166,1.5,2.25,20
"9",0.133,1.5,2.25,30
"10",0.011,1.5,2.25,100
"11",0.343,1,1.5,7
"12",0.21,1,1.5,16
"13",0.2,1,1.5,20
"14",0.147,1,1.5,30
"15",0.012,1,1.5,100
"16",0.335,2,3,7
"17",0.213,2,3,16
"18",0.203,2,3,20
"19",0.117,2,3,30
"20",0.014,2,3,100
"21",0.338,3,4.5,7
"22",0.223,3,4.5,16
"23",0.173,3,4.5,20
"24",0.149,3,4.5,30
"25",0.026,3,4.5,100
