"","accuracy","deviation","slope","cells"
"1",0.34,0.5,0.75,7
"2",0.228,0.5,0.75,16
"3",0.202,0.5,0.75,20
"4",0.138,0.5,0.75,30
"5",0.014,0.5,0.75,100
"6",0.332,1.5,2.25,7
"7",0.222,1.5,2.25,16
"8",0.187,1.5,2.25,20
"9",0.155,1.5,2.25,30
"10",0.016,1.5,2.25,100
"11",0.326,1,1.5,7
"12",0.202,1,1.5,16
"13",0.198,1,1.5,20
"14",0.123,1,1.5,30
"15",0.026,1,1.5,100
"16",0.349,2,3,7
"17",0.218,2,3,16
"18",0.189,2,3,20
"19",0.131,2,3,30
"20",0.015,2,3,100
"21",0.329,3,4.5,7
"22",0.224,3,4.5,16
"23",0.154,3,4.5,20
"24",0.123,3,4.5,30
"25",0.018,3,4.5,100
