"","accuracy","deviation","slope","cells"
"1",0.341,0.5,0.75,7
"2",0.241,0.5,0.75,16
"3",0.18,0.5,0.75,20
"4",0.135,0.5,0.75,30
"5",0.021,0.5,0.75,100
"6",0.336,1.5,2.25,7
"7",0.228,1.5,2.25,16
"8",0.2,1.5,2.25,20
"9",0.146,1.5,2.25,30
"10",0.016,1.5,2.25,100
"11",0.35,1,1.5,7
"12",0.241,1,1.5,16
"13",0.218,1,1.5,20
"14",0.137,1,1.5,30
"15",0.013,1,1.5,100
"16",0.333,2,3,7
"17",0.22,2,3,16
"18",0.228,2,3,20
"19",0.159,2,3,30
"20",0.014,2,3,100
"21",0.347,3,4.5,7
"22",0.213,3,4.5,16
"23",0.19,3,4.5,20
"24",0.149,3,4.5,30
"25",0.016,3,4.5,100
