"","accuracy","deviation","slope","cells"
"1",0.327,0.5,0.75,7
"2",0.227,0.5,0.75,16
"3",0.197,0.5,0.75,20
"4",0.147,0.5,0.75,30
"5",0.013,0.5,0.75,100
"6",0.334,1.5,2.25,7
"7",0.229,1.5,2.25,16
"8",0.174,1.5,2.25,20
"9",0.118,1.5,2.25,30
"10",0.018,1.5,2.25,100
"11",0.334,1,1.5,7
"12",0.196,1,1.5,16
"13",0.191,1,1.5,20
"14",0.163,1,1.5,30
"15",0.013,1,1.5,100
"16",0.312,2,3,7
"17",0.231,2,3,16
"18",0.186,2,3,20
"19",0.147,2,3,30
"20",0.015,2,3,100
"21",0.297,3,4.5,7
"22",0.216,3,4.5,16
"23",0.188,3,4.5,20
"24",0.125,3,4.5,30
"25",0.02,3,4.5,100
