"","accuracy","deviation","slope","cells"
"1",0.99,0,0.5,7
"2",0.658,0.25,0.5,7
"3",0.619,0.5,0.5,7
"4",0.556,0.7,0.5,7
"5",0.536,1,0.5,7
"6",1,0,0.5,16
"7",0.804,0.25,0.5,16
"8",0.636,0.5,0.5,16
"9",0.596,0.7,0.5,16
"10",0.581,1,0.5,16
"11",1,0,0.5,20
"12",0.847,0.25,0.5,20
"13",0.695,0.5,0.5,20
"14",0.646,0.7,0.5,20
"15",0.616,1,0.5,20
"16",1,0,0.5,30
"17",0.91,0.25,0.5,30
"18",0.784,0.5,0.5,30
"19",0.709,0.7,0.5,30
"20",0.598,1,0.5,30
"21",1,0,0.5,100
"22",0.991,0.25,0.5,100
"23",0.888,0.5,0.5,100
"24",0.832,0.7,0.5,100
"25",0.82,1,0.5,100
