"","accuracy","deviation","slope","cells"
"1",0.996,0,0.5,7
"2",0.635,0.25,0.5,7
"3",0.539,0.5,0.5,7
"4",0.607,0.7,0.5,7
"5",0.537,1,0.5,7
"6",1,0,0.5,16
"7",0.825,0.25,0.5,16
"8",0.652,0.5,0.5,16
"9",0.605,0.7,0.5,16
"10",0.606,1,0.5,16
"11",1,0,0.5,20
"12",0.855,0.25,0.5,20
"13",0.706,0.5,0.5,20
"14",0.654,0.7,0.5,20
"15",0.601,1,0.5,20
"16",1,0,0.5,30
"17",0.914,0.25,0.5,30
"18",0.753,0.5,0.5,30
"19",0.681,0.7,0.5,30
"20",0.633,1,0.5,30
"21",1,0,0.5,100
"22",0.998,0.25,0.5,100
"23",0.891,0.5,0.5,100
"24",0.824,0.7,0.5,100
"25",0.813,1,0.5,100
