"","accuracy","deviation","slope","cells"
"1",0.989,0,0.5,7
"2",0.686,0.25,0.5,7
"3",0.553,0.5,0.5,7
"4",0.561,0.7,0.5,7
"5",0.537,1,0.5,7
"6",1,0,0.5,16
"7",0.808,0.25,0.5,16
"8",0.66,0.5,0.5,16
"9",0.637,0.7,0.5,16
"10",0.569,1,0.5,16
"11",1,0,0.5,20
"12",0.861,0.25,0.5,20
"13",0.696,0.5,0.5,20
"14",0.628,0.7,0.5,20
"15",0.622,1,0.5,20
"16",1,0,0.5,30
"17",0.915,0.25,0.5,30
"18",0.733,0.5,0.5,30
"19",0.665,0.7,0.5,30
"20",0.621,1,0.5,30
"21",1,0,0.5,100
"22",0.997,0.25,0.5,100
"23",0.897,0.5,0.5,100
"24",0.824,0.7,0.5,100
"25",0.72,1,0.5,100