"","accuracy","deviation","slope","cells"
"1",0.39,0.5,0.25,7
"2",0.394,0.5,0.25,16
"3",0.363,0.5,0.25,20
"4",0.281,0.5,0.25,30
"5",0.256,0.5,0.25,100
"6",0.438,1,0.5,7
"7",0.427,1,0.5,16
"8",0.386,1,0.5,20
"9",0.284,1,0.5,30
"10",0.265,1,0.5,100
"11",0.457,3,1.5,7
"12",0.374,3,1.5,16
"13",0.38,3,1.5,20
"14",0.38,3,1.5,30
"15",0.246,3,1.5,100
"16",0.41,4,2,7
"17",0.402,4,2,16
"18",0.339,4,2,20
"19",0.306,4,2,30
"20",0.263,4,2,100
"21",0.445,6,3,7
"22",0.39,6,3,16
"23",0.312,6,3,20
"24",0.29,6,3,30
"25",0.266,6,3,100
