"","accuracy","deviation","slope","cells"
"1",0.378,0.25,0.25,7
"2",0.34,0.25,0.25,16
"3",0.293,0.25,0.25,20
"4",0.217,0.25,0.25,30
"5",0.077,0.25,0.25,100
"6",0.358,0.5,0.5,7
"7",0.276,0.5,0.5,16
"8",0.312,0.5,0.5,20
"9",0.25,0.5,0.5,30
"10",0.079,0.5,0.5,100
"11",0.387,1,1,7
"12",0.283,1,1,16
"13",0.284,1,1,20
"14",0.203,1,1,30
"15",0.071,1,1,100
"16",0.392,2,2,7
"17",0.326,2,2,16
"18",0.292,2,2,20
"19",0.269,2,2,30
"20",0.093,2,2,100
"21",0.369,3,3,7
"22",0.299,3,3,16
"23",0.334,3,3,20
"24",0.21,3,3,30
"25",0.087,3,3,100
