"","accuracy","deviation","slope","cells"
"1",0.33,0.333,0.5,7
"2",0.232,0.333,0.5,16
"3",0.167,0.333,0.5,20
"4",0.128,0.333,0.5,30
"5",0.016,0.333,0.5,100
"6",0.371,1,1.5,7
"7",0.243,1,1.5,16
"8",0.186,1,1.5,20
"9",0.136,1,1.5,30
"10",0.01,1,1.5,100
"11",0.292,1.33,2,7
"12",0.211,1.33,2,16
"13",0.182,1.33,2,20
"14",0.117,1.33,2,30
"15",0.012,1.33,2,100
"16",0.324,2,3,7
"17",0.214,2,3,16
"18",0.19,2,3,20
"19",0.134,2,3,30
"20",0.017,2,3,100
"21",0.342,2.66,4,7
"22",0.219,2.66,4,16
"23",0.16,2.66,4,20
"24",0.164,2.66,4,30
"25",0.022,2.66,4,100
