"","accuracy","deviation","slope","cells"
"1",0.18,0.166,0.5,7
"2",0.075,0.166,0.5,16
"3",0.03,0.166,0.5,20
"4",0.023,0.166,0.5,30
"5",0,0.166,0.5,100
"6",0.227,0.333,1,7
"7",0.073,0.333,1,16
"8",0.04,0.333,1,20
"9",0.007,0.333,1,30
"10",0,0.333,1,100
"11",0.19,1,3,7
"12",0.063,1,3,16
"13",0.049,1,3,20
"14",0.017,1,3,30
"15",0,1,3,100
"16",0.17,1.333,4,7
"17",0.052,1.333,4,16
"18",0.053,1.333,4,20
"19",0.01,1.333,4,30
"20",0,1.333,4,100
"21",0.221,2,6,7
"22",0.057,2,6,16
"23",0.035,2,6,20
"24",0.021,2,6,30
"25",0,2,6,100
