"","accuracy","deviation","slope","cells"
"1",0.244,0.25,0.5,7
"2",0.137,0.25,0.5,16
"3",0.121,0.25,0.5,20
"4",0.087,0.25,0.5,30
"5",0.002,0.25,0.5,100
"6",0.259,0.5,1,7
"7",0.127,0.5,1,16
"8",0.143,0.5,1,20
"9",0.063,0.5,1,30
"10",0,0.5,1,100
"11",0.271,1,2,7
"12",0.165,1,2,16
"13",0.072,1,2,20
"14",0.038,1,2,30
"15",0.003,1,2,100
"16",0.293,2,4,7
"17",0.181,2,4,16
"18",0.125,2,4,20
"19",0.062,2,4,30
"20",0.002,2,4,100
"21",0.278,3,6,7
"22",0.154,3,6,16
"23",0.119,3,6,20
"24",0.044,3,6,30
"25",0.005,3,6,100
