"","accuracy","deviation","slope","cells"
"1",0.612,0.5,0.75,7
"2",0.742,0.5,0.75,16
"3",0.791,0.5,0.75,20
"4",0.848,0.5,0.75,30
"5",0.979,0.5,0.75,100
"6",0.627,1.5,2.25,7
"7",0.734,1.5,2.25,16
"8",0.755,1.5,2.25,20
"9",0.822,1.5,2.25,30
"10",0.973,1.5,2.25,100
"11",0.653,1,1.5,7
"12",0.761,1,1.5,16
"13",0.789,1,1.5,20
"14",0.821,1,1.5,30
"15",0.977,1,1.5,100
"16",0.598,2,3,7
"17",0.766,2,3,16
"18",0.778,2,3,20
"19",0.843,2,3,30
"20",0.978,2,3,100
"21",0.646,3,4.5,7
"22",0.741,3,4.5,16
"23",0.772,3,4.5,20
"24",0.844,3,4.5,30
"25",0.975,3,4.5,100
