"","accuracy","deviation","slope","cells"
"1",0.611,0.5,0.75,7
"2",0.744,0.5,0.75,16
"3",0.787,0.5,0.75,20
"4",0.834,0.5,0.75,30
"5",0.983,0.5,0.75,100
"6",0.633,1.5,2.25,7
"7",0.727,1.5,2.25,16
"8",0.777,1.5,2.25,20
"9",0.84,1.5,2.25,30
"10",0.975,1.5,2.25,100
"11",0.62,1,1.5,7
"12",0.737,1,1.5,16
"13",0.776,1,1.5,20
"14",0.85,1,1.5,30
"15",0.984,1,1.5,100
"16",0.623,2,3,7
"17",0.724,2,3,16
"18",0.772,2,3,20
"19",0.819,2,3,30
"20",0.974,2,3,100
"21",0.638,3,4.5,7
"22",0.747,3,4.5,16
"23",0.771,3,4.5,20
"24",0.841,3,4.5,30
"25",0.972,3,4.5,100
