"","accuracy","deviation","slope","cells"
"1",0.613,0.5,0.75,7
"2",0.732,0.5,0.75,16
"3",0.78,0.5,0.75,20
"4",0.829,0.5,0.75,30
"5",0.979,0.5,0.75,100
"6",0.613,1.5,2.25,7
"7",0.73,1.5,2.25,16
"8",0.748,1.5,2.25,20
"9",0.855,1.5,2.25,30
"10",0.982,1.5,2.25,100
"11",0.638,1,1.5,7
"12",0.754,1,1.5,16
"13",0.756,1,1.5,20
"14",0.843,1,1.5,30
"15",0.966,1,1.5,100
"16",0.623,2,3,7
"17",0.729,2,3,16
"18",0.766,2,3,20
"19",0.838,2,3,30
"20",0.982,2,3,100
"21",0.644,3,4.5,7
"22",0.764,3,4.5,16
"23",0.779,3,4.5,20
"24",0.824,3,4.5,30
"25",0.981,3,4.5,100
