"","accuracy","deviation","slope","cells"
"1",0.647,0.5,0.75,7
"2",0.727,0.5,0.75,16
"3",0.778,0.5,0.75,20
"4",0.843,0.5,0.75,30
"5",0.979,0.5,0.75,100
"6",0.646,1.5,2.25,7
"7",0.749,1.5,2.25,16
"8",0.762,1.5,2.25,20
"9",0.815,1.5,2.25,30
"10",0.973,1.5,2.25,100
"11",0.613,1,1.5,7
"12",0.749,1,1.5,16
"13",0.767,1,1.5,20
"14",0.845,1,1.5,30
"15",0.977,1,1.5,100
"16",0.643,2,3,7
"17",0.754,2,3,16
"18",0.813,2,3,20
"19",0.842,2,3,30
"20",0.975,2,3,100
"21",0.613,3,4.5,7
"22",0.726,3,4.5,16
"23",0.765,3,4.5,20
"24",0.864,3,4.5,30
"25",0.975,3,4.5,100
