"","accuracy","deviation","slope","cells"
"1",0.617,0.5,0.75,7
"2",0.741,0.5,0.75,16
"3",0.784,0.5,0.75,20
"4",0.854,0.5,0.75,30
"5",0.977,0.5,0.75,100
"6",0.595,1.5,2.25,7
"7",0.733,1.5,2.25,16
"8",0.78,1.5,2.25,20
"9",0.84,1.5,2.25,30
"10",0.967,1.5,2.25,100
"11",0.604,1,1.5,7
"12",0.729,1,1.5,16
"13",0.781,1,1.5,20
"14",0.833,1,1.5,30
"15",0.977,1,1.5,100
"16",0.611,2,3,7
"17",0.734,2,3,16
"18",0.783,2,3,20
"19",0.804,2,3,30
"20",0.969,2,3,100
"21",0.636,3,4.5,7
"22",0.733,3,4.5,16
"23",0.768,3,4.5,20
"24",0.821,3,4.5,30
"25",0.985,3,4.5,100
