"","accuracy","deviation","slope","cells"
"1",0.626,0.5,0.75,7
"2",0.74,0.5,0.75,16
"3",0.763,0.5,0.75,20
"4",0.824,0.5,0.75,30
"5",0.975,0.5,0.75,100
"6",0.634,1.5,2.25,7
"7",0.777,1.5,2.25,16
"8",0.762,1.5,2.25,20
"9",0.83,1.5,2.25,30
"10",0.976,1.5,2.25,100
"11",0.619,1,1.5,7
"12",0.738,1,1.5,16
"13",0.766,1,1.5,20
"14",0.839,1,1.5,30
"15",0.971,1,1.5,100
"16",0.624,2,3,7
"17",0.742,2,3,16
"18",0.779,2,3,20
"19",0.827,2,3,30
"20",0.978,2,3,100
"21",0.636,3,4.5,7
"22",0.721,3,4.5,16
"23",0.811,3,4.5,20
"24",0.846,3,4.5,30
"25",0.977,3,4.5,100
