"","accuracy","deviation","slope","cells"
"1",0.621,0.5,0.75,7
"2",0.731,0.5,0.75,16
"3",0.77,0.5,0.75,20
"4",0.85,0.5,0.75,30
"5",0.969,0.5,0.75,100
"6",0.652,1.5,2.25,7
"7",0.74,1.5,2.25,16
"8",0.726,1.5,2.25,20
"9",0.84,1.5,2.25,30
"10",0.978,1.5,2.25,100
"11",0.637,1,1.5,7
"12",0.736,1,1.5,16
"13",0.756,1,1.5,20
"14",0.812,1,1.5,30
"15",0.97,1,1.5,100
"16",0.63,2,3,7
"17",0.745,2,3,16
"18",0.776,2,3,20
"19",0.818,2,3,30
"20",0.984,2,3,100
"21",0.641,3,4.5,7
"22",0.731,3,4.5,16
"23",0.773,3,4.5,20
"24",0.817,3,4.5,30
"25",0.968,3,4.5,100
