"","accuracy","deviation","slope","cells"
"1",0.63,0.5,0.75,7
"2",0.741,0.5,0.75,16
"3",0.772,0.5,0.75,20
"4",0.833,0.5,0.75,30
"5",0.973,0.5,0.75,100
"6",0.65,1.5,2.25,7
"7",0.749,1.5,2.25,16
"8",0.773,1.5,2.25,20
"9",0.846,1.5,2.25,30
"10",0.976,1.5,2.25,100
"11",0.639,1,1.5,7
"12",0.738,1,1.5,16
"13",0.803,1,1.5,20
"14",0.834,1,1.5,30
"15",0.982,1,1.5,100
"16",0.639,2,3,7
"17",0.736,2,3,16
"18",0.764,2,3,20
"19",0.854,2,3,30
"20",0.983,2,3,100
"21",0.617,3,4.5,7
"22",0.728,3,4.5,16
"23",0.777,3,4.5,20
"24",0.832,3,4.5,30
"25",0.973,3,4.5,100
