"","accuracy","deviation","slope","cells"
"1",0.614,0.5,0.75,7
"2",0.73,0.5,0.75,16
"3",0.79,0.5,0.75,20
"4",0.829,0.5,0.75,30
"5",0.976,0.5,0.75,100
"6",0.666,1.5,2.25,7
"7",0.722,1.5,2.25,16
"8",0.743,1.5,2.25,20
"9",0.85,1.5,2.25,30
"10",0.981,1.5,2.25,100
"11",0.606,1,1.5,7
"12",0.713,1,1.5,16
"13",0.791,1,1.5,20
"14",0.844,1,1.5,30
"15",0.982,1,1.5,100
"16",0.642,2,3,7
"17",0.754,2,3,16
"18",0.78,2,3,20
"19",0.834,2,3,30
"20",0.967,2,3,100
"21",0.644,3,4.5,7
"22",0.725,3,4.5,16
"23",0.759,3,4.5,20
"24",0.822,3,4.5,30
"25",0.977,3,4.5,100
