"","accuracy","deviation","slope","cells"
"1",0.629,0.5,0.75,7
"2",0.72,0.5,0.75,16
"3",0.753,0.5,0.75,20
"4",0.833,0.5,0.75,30
"5",0.981,0.5,0.75,100
"6",0.602,1.5,2.25,7
"7",0.758,1.5,2.25,16
"8",0.785,1.5,2.25,20
"9",0.821,1.5,2.25,30
"10",0.98,1.5,2.25,100
"11",0.604,1,1.5,7
"12",0.739,1,1.5,16
"13",0.778,1,1.5,20
"14",0.848,1,1.5,30
"15",0.978,1,1.5,100
"16",0.646,2,3,7
"17",0.745,2,3,16
"18",0.77,2,3,20
"19",0.846,2,3,30
"20",0.964,2,3,100
"21",0.654,3,4.5,7
"22",0.727,3,4.5,16
"23",0.783,3,4.5,20
"24",0.838,3,4.5,30
"25",0.972,3,4.5,100
