"","accuracy","deviation","slope","cells"
"1",0.549,0.5,0.5,7
"2",0.681,0.5,0.5,16
"3",0.691,0.5,0.5,20
"4",0.74,0.5,0.5,30
"5",0.897,0.5,0.5,100
"6",0.578,1,1,7
"7",0.677,1,1,16
"8",0.669,1,1,20
"9",0.731,1,1,30
"10",0.895,1,1,100
"11",0.586,1.75,1.75,7
"12",0.667,1.75,1.75,16
"13",0.692,1.75,1.75,20
"14",0.735,1.75,1.75,30
"15",0.912,1.75,1.75,100
"16",0.585,2,2,7
"17",0.658,2,2,16
"18",0.706,2,2,20
"19",0.754,2,2,30
"20",0.893,2,2,100
"21",0.598,3,3,7
"22",0.649,3,3,16
"23",0.647,3,3,20
"24",0.753,3,3,30
"25",0.919,3,3,100
