"","accuracy","deviation","slope","cells"
"1",0.574,0.5,0.5,7
"2",0.647,0.5,0.5,16
"3",0.693,0.5,0.5,20
"4",0.723,0.5,0.5,30
"5",0.917,0.5,0.5,100
"6",0.584,1,1,7
"7",0.678,1,1,16
"8",0.688,1,1,20
"9",0.734,1,1,30
"10",0.896,1,1,100
"11",0.57,1.75,1.75,7
"12",0.656,1.75,1.75,16
"13",0.679,1.75,1.75,20
"14",0.735,1.75,1.75,30
"15",0.921,1.75,1.75,100
"16",0.576,2,2,7
"17",0.637,2,2,16
"18",0.667,2,2,20
"19",0.754,2,2,30
"20",0.916,2,2,100
"21",0.586,3,3,7
"22",0.675,3,3,16
"23",0.682,3,3,20
"24",0.763,3,3,30
"25",0.919,3,3,100
