"","accuracy","deviation","slope","cells"
"1",0.584,0.5,0.5,7
"2",0.644,0.5,0.5,16
"3",0.712,0.5,0.5,20
"4",0.742,0.5,0.5,30
"5",0.917,0.5,0.5,100
"6",0.621,1,1,7
"7",0.687,1,1,16
"8",0.673,1,1,20
"9",0.72,1,1,30
"10",0.914,1,1,100
"11",0.596,1.75,1.75,7
"12",0.682,1.75,1.75,16
"13",0.689,1.75,1.75,20
"14",0.76,1.75,1.75,30
"15",0.923,1.75,1.75,100
"16",0.613,2,2,7
"17",0.639,2,2,16
"18",0.683,2,2,20
"19",0.745,2,2,30
"20",0.914,2,2,100
"21",0.601,3,3,7
"22",0.656,3,3,16
"23",0.659,3,3,20
"24",0.754,3,3,30
"25",0.925,3,3,100
