"","accuracy","deviation","slope","cells"
"1",0.591,0.5,0.5,7
"2",0.674,0.5,0.5,16
"3",0.687,0.5,0.5,20
"4",0.747,0.5,0.5,30
"5",0.915,0.5,0.5,100
"6",0.599,1,1,7
"7",0.691,1,1,16
"8",0.682,1,1,20
"9",0.736,1,1,30
"10",0.902,1,1,100
"11",0.582,1.75,1.75,7
"12",0.641,1.75,1.75,16
"13",0.712,1.75,1.75,20
"14",0.71,1.75,1.75,30
"15",0.918,1.75,1.75,100
"16",0.588,2,2,7
"17",0.688,2,2,16
"18",0.69,2,2,20
"19",0.729,2,2,30
"20",0.934,2,2,100
"21",0.554,3,3,7
"22",0.672,3,3,16
"23",0.663,3,3,20
"24",0.726,3,3,30
"25",0.894,3,3,100
