"","accuracy","deviation","slope","cells"
"1",0.568,0.5,0.5,7
"2",0.661,0.5,0.5,16
"3",0.681,0.5,0.5,20
"4",0.751,0.5,0.5,30
"5",0.889,0.5,0.5,100
"6",0.614,1,1,7
"7",0.65,1,1,16
"8",0.696,1,1,20
"9",0.761,1,1,30
"10",0.923,1,1,100
"11",0.614,1.75,1.75,7
"12",0.668,1.75,1.75,16
"13",0.716,1.75,1.75,20
"14",0.744,1.75,1.75,30
"15",0.903,1.75,1.75,100
"16",0.596,2,2,7
"17",0.638,2,2,16
"18",0.694,2,2,20
"19",0.737,2,2,30
"20",0.924,2,2,100
"21",0.579,3,3,7
"22",0.679,3,3,16
"23",0.666,3,3,20
"24",0.741,3,3,30
"25",0.929,3,3,100
