"","accuracy","deviation","slope","cells"
"1",0.61,0.5,0.5,7
"2",0.669,0.5,0.5,16
"3",0.675,0.5,0.5,20
"4",0.733,0.5,0.5,30
"5",0.889,0.5,0.5,100
"6",0.607,1,1,7
"7",0.668,1,1,16
"8",0.694,1,1,20
"9",0.757,1,1,30
"10",0.908,1,1,100
"11",0.591,1.75,1.75,7
"12",0.651,1.75,1.75,16
"13",0.709,1.75,1.75,20
"14",0.716,1.75,1.75,30
"15",0.908,1.75,1.75,100
"16",0.585,2,2,7
"17",0.661,2,2,16
"18",0.692,2,2,20
"19",0.786,2,2,30
"20",0.907,2,2,100
"21",0.609,3,3,7
"22",0.651,3,3,16
"23",0.665,3,3,20
"24",0.763,3,3,30
"25",0.899,3,3,100
