"","accuracy","deviation","slope","cells"
"1",0.581,0.5,0.5,7
"2",0.679,0.5,0.5,16
"3",0.688,0.5,0.5,20
"4",0.746,0.5,0.5,30
"5",0.906,0.5,0.5,100
"6",0.574,1,1,7
"7",0.689,1,1,16
"8",0.698,1,1,20
"9",0.741,1,1,30
"10",0.921,1,1,100
"11",0.582,1.75,1.75,7
"12",0.676,1.75,1.75,16
"13",0.668,1.75,1.75,20
"14",0.726,1.75,1.75,30
"15",0.91,1.75,1.75,100
"16",0.565,2,2,7
"17",0.664,2,2,16
"18",0.677,2,2,20
"19",0.75,2,2,30
"20",0.915,2,2,100
"21",0.591,3,3,7
"22",0.699,3,3,16
"23",0.671,3,3,20
"24",0.768,3,3,30
"25",0.897,3,3,100
