"","accuracy","deviation","slope","cells"
"1",0.578,0.5,0.5,7
"2",0.673,0.5,0.5,16
"3",0.691,0.5,0.5,20
"4",0.743,0.5,0.5,30
"5",0.911,0.5,0.5,100
"6",0.599,1,1,7
"7",0.656,1,1,16
"8",0.689,1,1,20
"9",0.764,1,1,30
"10",0.925,1,1,100
"11",0.591,1.75,1.75,7
"12",0.626,1.75,1.75,16
"13",0.691,1.75,1.75,20
"14",0.69,1.75,1.75,30
"15",0.904,1.75,1.75,100
"16",0.57,2,2,7
"17",0.67,2,2,16
"18",0.699,2,2,20
"19",0.765,2,2,30
"20",0.906,2,2,100
"21",0.569,3,3,7
"22",0.662,3,3,16
"23",0.716,3,3,20
"24",0.737,3,3,30
"25",0.907,3,3,100
