"","accuracy","deviation","slope","cells"
"1",0.602,0.5,0.5,7
"2",0.68,0.5,0.5,16
"3",0.696,0.5,0.5,20
"4",0.723,0.5,0.5,30
"5",0.929,0.5,0.5,100
"6",0.575,1,1,7
"7",0.647,1,1,16
"8",0.679,1,1,20
"9",0.728,1,1,30
"10",0.898,1,1,100
"11",0.572,1.75,1.75,7
"12",0.656,1.75,1.75,16
"13",0.684,1.75,1.75,20
"14",0.759,1.75,1.75,30
"15",0.863,1.75,1.75,100
"16",0.606,2,2,7
"17",0.663,2,2,16
"18",0.735,2,2,20
"19",0.763,2,2,30
"20",0.901,2,2,100
"21",0.586,3,3,7
"22",0.643,3,3,16
"23",0.689,3,3,20
"24",0.734,3,3,30
"25",0.894,3,3,100
