"","accuracy","deviation","slope","cells"
"1",0.558,0.5,0.5,7
"2",0.654,0.5,0.5,16
"3",0.691,0.5,0.5,20
"4",0.742,0.5,0.5,30
"5",0.895,0.5,0.5,100
"6",0.575,1,1,7
"7",0.684,1,1,16
"8",0.69,1,1,20
"9",0.724,1,1,30
"10",0.904,1,1,100
"11",0.594,1.75,1.75,7
"12",0.665,1.75,1.75,16
"13",0.696,1.75,1.75,20
"14",0.77,1.75,1.75,30
"15",0.902,1.75,1.75,100
"16",0.585,2,2,7
"17",0.674,2,2,16
"18",0.714,2,2,20
"19",0.717,2,2,30
"20",0.915,2,2,100
"21",0.598,3,3,7
"22",0.668,3,3,16
"23",0.696,3,3,20
"24",0.745,3,3,30
"25",0.918,3,3,100
