"","accuracy","deviation","slope","cells"
"1",0.584,0.5,0.5,7
"2",0.685,0.5,0.5,16
"3",0.677,0.5,0.5,20
"4",0.759,0.5,0.5,30
"5",0.897,0.5,0.5,100
"6",0.586,1,1,7
"7",0.658,1,1,16
"8",0.698,1,1,20
"9",0.729,1,1,30
"10",0.888,1,1,100
"11",0.56,1.75,1.75,7
"12",0.676,1.75,1.75,16
"13",0.709,1.75,1.75,20
"14",0.73,1.75,1.75,30
"15",0.922,1.75,1.75,100
"16",0.588,2,2,7
"17",0.659,2,2,16
"18",0.709,2,2,20
"19",0.792,2,2,30
"20",0.907,2,2,100
"21",0.589,3,3,7
"22",0.637,3,3,16
"23",0.673,3,3,20
"24",0.722,3,3,30
"25",0.912,3,3,100
