"","accuracy","deviation","slope","cells"
"1",0.593,0.5,0.5,7
"2",0.651,0.5,0.5,16
"3",0.701,0.5,0.5,20
"4",0.731,0.5,0.5,30
"5",0.903,0.5,0.5,100
"6",0.596,1,1,7
"7",0.649,1,1,16
"8",0.668,1,1,20
"9",0.741,1,1,30
"10",0.872,1,1,100
"11",0.608,1.75,1.75,7
"12",0.638,1.75,1.75,16
"13",0.673,1.75,1.75,20
"14",0.768,1.75,1.75,30
"15",0.923,1.75,1.75,100
"16",0.575,2,2,7
"17",0.656,2,2,16
"18",0.672,2,2,20
"19",0.733,2,2,30
"20",0.892,2,2,100
"21",0.605,3,3,7
"22",0.682,3,3,16
"23",0.653,3,3,20
"24",0.744,3,3,30
"25",0.892,3,3,100
