"","accuracy","deviation","slope","cells"
"1",0.588,0.5,0.5,7
"2",0.675,0.5,0.5,16
"3",0.696,0.5,0.5,20
"4",0.741,0.5,0.5,30
"5",0.898,0.5,0.5,100
"6",0.573,1,1,7
"7",0.628,1,1,16
"8",0.703,1,1,20
"9",0.748,1,1,30
"10",0.892,1,1,100
"11",0.603,1.75,1.75,7
"12",0.663,1.75,1.75,16
"13",0.66,1.75,1.75,20
"14",0.774,1.75,1.75,30
"15",0.923,1.75,1.75,100
"16",0.575,2,2,7
"17",0.645,2,2,16
"18",0.706,2,2,20
"19",0.752,2,2,30
"20",0.905,2,2,100
"21",0.585,3,3,7
"22",0.669,3,3,16
"23",0.707,3,3,20
"24",0.735,3,3,30
"25",0.89,3,3,100
