"","accuracy","deviation","slope","cells"
"1",0.563,0.5,0.5,7
"2",0.67,0.5,0.5,16
"3",0.69,0.5,0.5,20
"4",0.739,0.5,0.5,30
"5",0.909,0.5,0.5,100
"6",0.571,1,1,7
"7",0.68,1,1,16
"8",0.718,1,1,20
"9",0.751,1,1,30
"10",0.916,1,1,100
"11",0.596,1.75,1.75,7
"12",0.684,1.75,1.75,16
"13",0.713,1.75,1.75,20
"14",0.723,1.75,1.75,30
"15",0.902,1.75,1.75,100
"16",0.587,2,2,7
"17",0.673,2,2,16
"18",0.701,2,2,20
"19",0.739,2,2,30
"20",0.903,2,2,100
"21",0.596,3,3,7
"22",0.66,3,3,16
"23",0.663,3,3,20
"24",0.757,3,3,30
"25",0.913,3,3,100
