"","accuracy","deviation","slope","cells"
"1",0.583,0.5,0.5,7
"2",0.663,0.5,0.5,16
"3",0.691,0.5,0.5,20
"4",0.733,0.5,0.5,30
"5",0.919,0.5,0.5,100
"6",0.584,1,1,7
"7",0.649,1,1,16
"8",0.705,1,1,20
"9",0.74,1,1,30
"10",0.892,1,1,100
"11",0.566,1.75,1.75,7
"12",0.645,1.75,1.75,16
"13",0.715,1.75,1.75,20
"14",0.751,1.75,1.75,30
"15",0.92,1.75,1.75,100
"16",0.594,2,2,7
"17",0.653,2,2,16
"18",0.676,2,2,20
"19",0.731,2,2,30
"20",0.921,2,2,100
"21",0.583,3,3,7
"22",0.643,3,3,16
"23",0.684,3,3,20
"24",0.749,3,3,30
"25",0.897,3,3,100
