"","accuracy","deviation","slope","cells"
"1",0.56,0.5,0.5,7
"2",0.657,0.5,0.5,16
"3",0.702,0.5,0.5,20
"4",0.724,0.5,0.5,30
"5",0.902,0.5,0.5,100
"6",0.606,1,1,7
"7",0.645,1,1,16
"8",0.713,1,1,20
"9",0.738,1,1,30
"10",0.927,1,1,100
"11",0.594,1.75,1.75,7
"12",0.654,1.75,1.75,16
"13",0.712,1.75,1.75,20
"14",0.742,1.75,1.75,30
"15",0.91,1.75,1.75,100
"16",0.56,2,2,7
"17",0.658,2,2,16
"18",0.688,2,2,20
"19",0.748,2,2,30
"20",0.931,2,2,100
"21",0.58,3,3,7
"22",0.663,3,3,16
"23",0.702,3,3,20
"24",0.738,3,3,30
"25",0.897,3,3,100
