"","accuracy","deviation","slope","cells"
"1",0.588,0.5,0.5,7
"2",0.67,0.5,0.5,16
"3",0.707,0.5,0.5,20
"4",0.744,0.5,0.5,30
"5",0.918,0.5,0.5,100
"6",0.588,1,1,7
"7",0.666,1,1,16
"8",0.692,1,1,20
"9",0.736,1,1,30
"10",0.894,1,1,100
"11",0.584,1.75,1.75,7
"12",0.675,1.75,1.75,16
"13",0.682,1.75,1.75,20
"14",0.738,1.75,1.75,30
"15",0.891,1.75,1.75,100
"16",0.589,2,2,7
"17",0.655,2,2,16
"18",0.696,2,2,20
"19",0.721,2,2,30
"20",0.894,2,2,100
"21",0.58,3,3,7
"22",0.666,3,3,16
"23",0.666,3,3,20
"24",0.742,3,3,30
"25",0.916,3,3,100
