"","accuracy","deviation","slope","cells"
"1",0.576,0.5,0.5,7
"2",0.666,0.5,0.5,16
"3",0.698,0.5,0.5,20
"4",0.738,0.5,0.5,30
"5",0.914,0.5,0.5,100
"6",0.574,1,1,7
"7",0.627,1,1,16
"8",0.708,1,1,20
"9",0.73,1,1,30
"10",0.9,1,1,100
"11",0.571,1.75,1.75,7
"12",0.653,1.75,1.75,16
"13",0.689,1.75,1.75,20
"14",0.761,1.75,1.75,30
"15",0.91,1.75,1.75,100
"16",0.591,2,2,7
"17",0.655,2,2,16
"18",0.665,2,2,20
"19",0.716,2,2,30
"20",0.928,2,2,100
"21",0.572,3,3,7
"22",0.646,3,3,16
"23",0.657,3,3,20
"24",0.726,3,3,30
"25",0.911,3,3,100
