"","accuracy","deviation","slope","cells"
"1",0.587,0.5,0.5,7
"2",0.688,0.5,0.5,16
"3",0.688,0.5,0.5,20
"4",0.754,0.5,0.5,30
"5",0.923,0.5,0.5,100
"6",0.566,1,1,7
"7",0.674,1,1,16
"8",0.702,1,1,20
"9",0.74,1,1,30
"10",0.897,1,1,100
"11",0.588,1.75,1.75,7
"12",0.685,1.75,1.75,16
"13",0.696,1.75,1.75,20
"14",0.755,1.75,1.75,30
"15",0.913,1.75,1.75,100
"16",0.534,2,2,7
"17",0.643,2,2,16
"18",0.706,2,2,20
"19",0.765,2,2,30
"20",0.899,2,2,100
"21",0.595,3,3,7
"22",0.642,3,3,16
"23",0.711,3,3,20
"24",0.745,3,3,30
"25",0.914,3,3,100
