"","accuracy","deviation","slope","cells"
"1",0.291,0.25,0.5,7
"2",0.192,0.25,0.5,16
"3",0.136,0.25,0.5,20
"4",0.082,0.25,0.5,30
"5",0.002,0.25,0.5,100
"6",0.295,0.5,1,7
"7",0.156,0.5,1,16
"8",0.116,0.5,1,20
"9",0.072,0.5,1,30
"10",0.003,0.5,1,100
"11",0.275,1,2,7
"12",0.153,1,2,16
"13",0.135,1,2,20
"14",0.086,1,2,30
"15",0.002,1,2,100
"16",0.31,2,4,7
"17",0.173,2,4,16
"18",0.121,2,4,20
"19",0.065,2,4,30
"20",0.001,2,4,100
"21",0.269,3,6,7
"22",0.149,3,6,16
"23",0.123,3,6,20
"24",0.082,3,6,30
"25",0.002,3,6,100
