"","accuracy","deviation","slope","cells"
"1",0.269,0.25,0.5,7
"2",0.175,0.25,0.5,16
"3",0.133,0.25,0.5,20
"4",0.07,0.25,0.5,30
"5",0.003,0.25,0.5,100
"6",0.285,0.5,1,7
"7",0.161,0.5,1,16
"8",0.122,0.5,1,20
"9",0.081,0.5,1,30
"10",0.003,0.5,1,100
"11",0.28,1,2,7
"12",0.156,1,2,16
"13",0.128,1,2,20
"14",0.068,1,2,30
"15",0.003,1,2,100
"16",0.255,2,4,7
"17",0.176,2,4,16
"18",0.109,2,4,20
"19",0.071,2,4,30
"20",0.006,2,4,100
"21",0.271,3,6,7
"22",0.145,3,6,16
"23",0.111,3,6,20
"24",0.073,3,6,30
"25",0.005,3,6,100
