"","accuracy","deviation","slope","cells"
"1",0.294,0.25,0.5,7
"2",0.173,0.25,0.5,16
"3",0.141,0.25,0.5,20
"4",0.07,0.25,0.5,30
"5",0.001,0.25,0.5,100
"6",0.282,0.5,1,7
"7",0.174,0.5,1,16
"8",0.115,0.5,1,20
"9",0.074,0.5,1,30
"10",0.004,0.5,1,100
"11",0.276,1,2,7
"12",0.136,1,2,16
"13",0.127,1,2,20
"14",0.083,1,2,30
"15",0.003,1,2,100
"16",0.276,2,4,7
"17",0.136,2,4,16
"18",0.122,2,4,20
"19",0.081,2,4,30
"20",0.004,2,4,100
"21",0.282,3,6,7
"22",0.141,3,6,16
"23",0.123,3,6,20
"24",0.06,3,6,30
"25",0,3,6,100
