"","accuracy","deviation","slope","cells"
"1",0.249,0.25,0.5,7
"2",0.137,0.25,0.5,16
"3",0.132,0.25,0.5,20
"4",0.08,0.25,0.5,30
"5",0.006,0.25,0.5,100
"6",0.272,0.5,1,7
"7",0.171,0.5,1,16
"8",0.137,0.5,1,20
"9",0.066,0.5,1,30
"10",0.004,0.5,1,100
"11",0.284,1,2,7
"12",0.153,1,2,16
"13",0.129,1,2,20
"14",0.087,1,2,30
"15",0.001,1,2,100
"16",0.279,2,4,7
"17",0.147,2,4,16
"18",0.127,2,4,20
"19",0.061,2,4,30
"20",0.002,2,4,100
"21",0.27,3,6,7
"22",0.151,3,6,16
"23",0.107,3,6,20
"24",0.058,3,6,30
"25",0.002,3,6,100
