"","accuracy","deviation","slope","cells"
"1",0.286,0.25,0.5,7
"2",0.165,0.25,0.5,16
"3",0.126,0.25,0.5,20
"4",0.063,0.25,0.5,30
"5",0.002,0.25,0.5,100
"6",0.292,0.5,1,7
"7",0.168,0.5,1,16
"8",0.133,0.5,1,20
"9",0.086,0.5,1,30
"10",0,0.5,1,100
"11",0.255,1,2,7
"12",0.149,1,2,16
"13",0.127,1,2,20
"14",0.088,1,2,30
"15",0.004,1,2,100
"16",0.263,2,4,7
"17",0.159,2,4,16
"18",0.136,2,4,20
"19",0.061,2,4,30
"20",0.002,2,4,100
"21",0.267,3,6,7
"22",0.156,3,6,16
"23",0.119,3,6,20
"24",0.064,3,6,30
"25",0.005,3,6,100
