"","accuracy","deviation","slope","cells"
"1",0.269,0.25,0.5,7
"2",0.158,0.25,0.5,16
"3",0.127,0.25,0.5,20
"4",0.065,0.25,0.5,30
"5",0.007,0.25,0.5,100
"6",0.301,0.5,1,7
"7",0.162,0.5,1,16
"8",0.121,0.5,1,20
"9",0.072,0.5,1,30
"10",0.004,0.5,1,100
"11",0.26,1,2,7
"12",0.163,1,2,16
"13",0.114,1,2,20
"14",0.063,1,2,30
"15",0.004,1,2,100
"16",0.273,2,4,7
"17",0.171,2,4,16
"18",0.133,2,4,20
"19",0.08,2,4,30
"20",0,2,4,100
"21",0.295,3,6,7
"22",0.13,3,6,16
"23",0.116,3,6,20
"24",0.089,3,6,30
"25",0.005,3,6,100
