"","accuracy","deviation","slope","cells"
"1",0.288,0.25,0.5,7
"2",0.146,0.25,0.5,16
"3",0.137,0.25,0.5,20
"4",0.054,0.25,0.5,30
"5",0.003,0.25,0.5,100
"6",0.292,0.5,1,7
"7",0.145,0.5,1,16
"8",0.122,0.5,1,20
"9",0.066,0.5,1,30
"10",0.005,0.5,1,100
"11",0.272,1,2,7
"12",0.154,1,2,16
"13",0.129,1,2,20
"14",0.067,1,2,30
"15",0.003,1,2,100
"16",0.266,2,4,7
"17",0.139,2,4,16
"18",0.121,2,4,20
"19",0.056,2,4,30
"20",0.002,2,4,100
"21",0.258,3,6,7
"22",0.171,3,6,16
"23",0.116,3,6,20
"24",0.074,3,6,30
"25",0.002,3,6,100
