"","accuracy","deviation","slope","cells"
"1",0.293,0.25,0.5,7
"2",0.155,0.25,0.5,16
"3",0.136,0.25,0.5,20
"4",0.068,0.25,0.5,30
"5",0,0.25,0.5,100
"6",0.287,0.5,1,7
"7",0.15,0.5,1,16
"8",0.116,0.5,1,20
"9",0.071,0.5,1,30
"10",0.002,0.5,1,100
"11",0.28,1,2,7
"12",0.182,1,2,16
"13",0.125,1,2,20
"14",0.076,1,2,30
"15",0.001,1,2,100
"16",0.296,2,4,7
"17",0.155,2,4,16
"18",0.112,2,4,20
"19",0.094,2,4,30
"20",0.003,2,4,100
"21",0.292,3,6,7
"22",0.162,3,6,16
"23",0.122,3,6,20
"24",0.068,3,6,30
"25",0.003,3,6,100
