"","accuracy","deviation","slope","cells"
"1",0.279,0.25,0.5,7
"2",0.132,0.25,0.5,16
"3",0.112,0.25,0.5,20
"4",0.063,0.25,0.5,30
"5",0.004,0.25,0.5,100
"6",0.297,0.5,1,7
"7",0.15,0.5,1,16
"8",0.134,0.5,1,20
"9",0.076,0.5,1,30
"10",0.001,0.5,1,100
"11",0.289,1,2,7
"12",0.13,1,2,16
"13",0.127,1,2,20
"14",0.065,1,2,30
"15",0,1,2,100
"16",0.275,2,4,7
"17",0.146,2,4,16
"18",0.125,2,4,20
"19",0.094,2,4,30
"20",0.001,2,4,100
"21",0.286,3,6,7
"22",0.138,3,6,16
"23",0.11,3,6,20
"24",0.078,3,6,30
"25",0.003,3,6,100
