"","accuracy","deviation","slope","cells"
"1",0.307,0.25,0.5,7
"2",0.149,0.25,0.5,16
"3",0.127,0.25,0.5,20
"4",0.101,0.25,0.5,30
"5",0.002,0.25,0.5,100
"6",0.307,0.5,1,7
"7",0.172,0.5,1,16
"8",0.131,0.5,1,20
"9",0.075,0.5,1,30
"10",0.001,0.5,1,100
"11",0.292,1,2,7
"12",0.148,1,2,16
"13",0.113,1,2,20
"14",0.069,1,2,30
"15",0.003,1,2,100
"16",0.297,2,4,7
"17",0.155,2,4,16
"18",0.118,2,4,20
"19",0.087,2,4,30
"20",0,2,4,100
"21",0.294,3,6,7
"22",0.156,3,6,16
"23",0.123,3,6,20
"24",0.081,3,6,30
"25",0.003,3,6,100
