"","accuracy","deviation","slope","cells"
"1",0,0,0.5,7
"2",0.27,0.25,0.5,7
"3",0.392,0.5,0.5,7
"4",0.399,0.7,0.5,7
"5",0.437,1,0.5,7
"6",0,0,0.5,16
"7",0.168,0.25,0.5,16
"8",0.328,0.5,0.5,16
"9",0.34,0.7,0.5,16
"10",0.396,1,0.5,16
"11",0,0,0.5,20
"12",0.123,0.25,0.5,20
"13",0.286,0.5,0.5,20
"14",0.392,0.7,0.5,20
"15",0.374,1,0.5,20
"16",0,0,0.5,30
"17",0.067,0.25,0.5,30
"18",0.237,0.5,0.5,30
"19",0.316,0.7,0.5,30
"20",0.315,1,0.5,30
"21",0,0,0.5,100
"22",0.005,0.25,0.5,100
"23",0.07,0.5,0.5,100
"24",0.186,0.7,0.5,100
"25",0.282,1,0.5,100
