"","accuracy","deviation","slope","cells"
"1",0.992,0,0.5,7
"2",0.666,0.25,0.5,7
"3",0.591,0.5,0.5,7
"4",0.559,0.7,0.5,7
"5",0.549,1,0.5,7
"6",1,0,0.5,16
"7",0.812,0.25,0.5,16
"8",0.665,0.5,0.5,16
"9",0.628,0.7,0.5,16
"10",0.59,1,0.5,16
"11",1,0,0.5,20
"12",0.856,0.25,0.5,20
"13",0.663,0.5,0.5,20
"14",0.655,0.7,0.5,20
"15",0.591,1,0.5,20
"16",1,0,0.5,30
"17",0.896,0.25,0.5,30
"18",0.743,0.5,0.5,30
"19",0.676,0.7,0.5,30
"20",0.637,1,0.5,30
"21",1,0,0.5,100
"22",0.999,0.25,0.5,100
"23",0.909,0.5,0.5,100
"24",0.858,0.7,0.5,100
"25",0.726,1,0.5,100