"","accuracy","deviation","slope","cells"
"1",0.395,0.25,0.25,7
"2",0.303,0.25,0.25,16
"3",0.278,0.25,0.25,20
"4",0.227,0.25,0.25,30
"5",0.109,0.25,0.25,100
"6",0.397,0.5,0.5,7
"7",0.305,0.5,0.5,16
"8",0.29,0.5,0.5,20
"9",0.252,0.5,0.5,30
"10",0.078,0.5,0.5,100
"11",0.401,1,1,7
"12",0.303,1,1,16
"13",0.291,1,1,20
"14",0.266,1,1,30
"15",0.081,1,1,100
"16",0.385,2,2,7
"17",0.332,2,2,16
"18",0.262,2,2,20
"19",0.227,2,2,30
"20",0.07,2,2,100
"21",0.372,3,3,7
"22",0.306,3,3,16
"23",0.269,3,3,20
"24",0.261,3,3,30
"25",0.107,3,3,100
