"","accuracy","deviation","slope","cells"
"1",0.407,0.25,0.25,7
"2",0.305,0.25,0.25,16
"3",0.272,0.25,0.25,20
"4",0.225,0.25,0.25,30
"5",0.088,0.25,0.25,100
"6",0.398,0.5,0.5,7
"7",0.314,0.5,0.5,16
"8",0.301,0.5,0.5,20
"9",0.238,0.5,0.5,30
"10",0.095,0.5,0.5,100
"11",0.399,1,1,7
"12",0.284,1,1,16
"13",0.317,1,1,20
"14",0.264,1,1,30
"15",0.074,1,1,100
"16",0.388,2,2,7
"17",0.304,2,2,16
"18",0.271,2,2,20
"19",0.226,2,2,30
"20",0.094,2,2,100
"21",0.396,3,3,7
"22",0.305,3,3,16
"23",0.272,3,3,20
"24",0.238,3,3,30
"25",0.078,3,3,100
