"","accuracy","deviation","slope","cells"
"1",0.381,0.25,0.25,7
"2",0.352,0.25,0.25,16
"3",0.274,0.25,0.25,20
"4",0.212,0.25,0.25,30
"5",0.102,0.25,0.25,100
"6",0.374,0.5,0.5,7
"7",0.279,0.5,0.5,16
"8",0.271,0.5,0.5,20
"9",0.255,0.5,0.5,30
"10",0.093,0.5,0.5,100
"11",0.368,1,1,7
"12",0.326,1,1,16
"13",0.303,1,1,20
"14",0.233,1,1,30
"15",0.086,1,1,100
"16",0.401,2,2,7
"17",0.298,2,2,16
"18",0.268,2,2,20
"19",0.259,2,2,30
"20",0.094,2,2,100
"21",0.368,3,3,7
"22",0.345,3,3,16
"23",0.251,3,3,20
"24",0.251,3,3,30
"25",0.06,3,3,100
