"","accuracy","deviation","slope","cells"
"1",0.359,0.25,0.25,7
"2",0.288,0.25,0.25,16
"3",0.283,0.25,0.25,20
"4",0.268,0.25,0.25,30
"5",0.064,0.25,0.25,100
"6",0.381,0.5,0.5,7
"7",0.314,0.5,0.5,16
"8",0.262,0.5,0.5,20
"9",0.239,0.5,0.5,30
"10",0.1,0.5,0.5,100
"11",0.385,1,1,7
"12",0.29,1,1,16
"13",0.286,1,1,20
"14",0.25,1,1,30
"15",0.083,1,1,100
"16",0.413,2,2,7
"17",0.271,2,2,16
"18",0.299,2,2,20
"19",0.24,2,2,30
"20",0.086,2,2,100
"21",0.39,3,3,7
"22",0.319,3,3,16
"23",0.281,3,3,20
"24",0.227,3,3,30
"25",0.108,3,3,100
