"","accuracy","deviation","slope","cells"
"1",0.394,0.25,0.25,7
"2",0.317,0.25,0.25,16
"3",0.255,0.25,0.25,20
"4",0.232,0.25,0.25,30
"5",0.083,0.25,0.25,100
"6",0.383,0.5,0.5,7
"7",0.322,0.5,0.5,16
"8",0.265,0.5,0.5,20
"9",0.229,0.5,0.5,30
"10",0.09,0.5,0.5,100
"11",0.379,1,1,7
"12",0.318,1,1,16
"13",0.299,1,1,20
"14",0.242,1,1,30
"15",0.083,1,1,100
"16",0.386,2,2,7
"17",0.321,2,2,16
"18",0.3,2,2,20
"19",0.246,2,2,30
"20",0.078,2,2,100
"21",0.367,3,3,7
"22",0.326,3,3,16
"23",0.297,3,3,20
"24",0.244,3,3,30
"25",0.101,3,3,100
