"","accuracy","deviation","slope","cells"
"1",0.397,0.25,0.25,7
"2",0.288,0.25,0.25,16
"3",0.301,0.25,0.25,20
"4",0.213,0.25,0.25,30
"5",0.092,0.25,0.25,100
"6",0.4,0.5,0.5,7
"7",0.313,0.5,0.5,16
"8",0.308,0.5,0.5,20
"9",0.254,0.5,0.5,30
"10",0.071,0.5,0.5,100
"11",0.403,1,1,7
"12",0.315,1,1,16
"13",0.285,1,1,20
"14",0.216,1,1,30
"15",0.078,1,1,100
"16",0.364,2,2,7
"17",0.32,2,2,16
"18",0.292,2,2,20
"19",0.243,2,2,30
"20",0.092,2,2,100
"21",0.41,3,3,7
"22",0.334,3,3,16
"23",0.28,3,3,20
"24",0.214,3,3,30
"25",0.082,3,3,100
