"","accuracy","deviation","slope","cells"
"1",0.387,0.25,0.25,7
"2",0.308,0.25,0.25,16
"3",0.288,0.25,0.25,20
"4",0.203,0.25,0.25,30
"5",0.077,0.25,0.25,100
"6",0.38,0.5,0.5,7
"7",0.285,0.5,0.5,16
"8",0.288,0.5,0.5,20
"9",0.25,0.5,0.5,30
"10",0.077,0.5,0.5,100
"11",0.394,1,1,7
"12",0.316,1,1,16
"13",0.299,1,1,20
"14",0.233,1,1,30
"15",0.082,1,1,100
"16",0.402,2,2,7
"17",0.301,2,2,16
"18",0.277,2,2,20
"19",0.263,2,2,30
"20",0.074,2,2,100
"21",0.337,3,3,7
"22",0.303,3,3,16
"23",0.289,3,3,20
"24",0.216,3,3,30
"25",0.082,3,3,100
