"","accuracy","deviation","slope","cells"
"1",0.393,0.25,0.25,7
"2",0.321,0.25,0.25,16
"3",0.267,0.25,0.25,20
"4",0.261,0.25,0.25,30
"5",0.096,0.25,0.25,100
"6",0.382,0.5,0.5,7
"7",0.308,0.5,0.5,16
"8",0.268,0.5,0.5,20
"9",0.238,0.5,0.5,30
"10",0.071,0.5,0.5,100
"11",0.361,1,1,7
"12",0.314,1,1,16
"13",0.27,1,1,20
"14",0.232,1,1,30
"15",0.074,1,1,100
"16",0.381,2,2,7
"17",0.292,2,2,16
"18",0.29,2,2,20
"19",0.247,2,2,30
"20",0.085,2,2,100
"21",0.372,3,3,7
"22",0.333,3,3,16
"23",0.267,3,3,20
"24",0.219,3,3,30
"25",0.084,3,3,100
