"","accuracy","deviation","slope","cells"
"1",0.355,0.25,0.25,7
"2",0.317,0.25,0.25,16
"3",0.304,0.25,0.25,20
"4",0.249,0.25,0.25,30
"5",0.084,0.25,0.25,100
"6",0.395,0.5,0.5,7
"7",0.307,0.5,0.5,16
"8",0.303,0.5,0.5,20
"9",0.246,0.5,0.5,30
"10",0.093,0.5,0.5,100
"11",0.391,1,1,7
"12",0.308,1,1,16
"13",0.3,1,1,20
"14",0.266,1,1,30
"15",0.082,1,1,100
"16",0.37,2,2,7
"17",0.31,2,2,16
"18",0.292,2,2,20
"19",0.249,2,2,30
"20",0.077,2,2,100
"21",0.421,3,3,7
"22",0.31,3,3,16
"23",0.273,3,3,20
"24",0.225,3,3,30
"25",0.083,3,3,100
