"","accuracy","deviation","slope","cells"
"1",0.394,0.25,0.25,7
"2",0.322,0.25,0.25,16
"3",0.281,0.25,0.25,20
"4",0.239,0.25,0.25,30
"5",0.073,0.25,0.25,100
"6",0.408,0.5,0.5,7
"7",0.311,0.5,0.5,16
"8",0.271,0.5,0.5,20
"9",0.212,0.5,0.5,30
"10",0.071,0.5,0.5,100
"11",0.404,1,1,7
"12",0.305,1,1,16
"13",0.287,1,1,20
"14",0.255,1,1,30
"15",0.063,1,1,100
"16",0.388,2,2,7
"17",0.317,2,2,16
"18",0.3,2,2,20
"19",0.24,2,2,30
"20",0.081,2,2,100
"21",0.381,3,3,7
"22",0.334,3,3,16
"23",0.31,3,3,20
"24",0.241,3,3,30
"25",0.089,3,3,100
