"","accuracy","deviation","slope","cells"
"1",0.997,0,0.5,7
"2",0.705,0.25,0.5,7
"3",0.595,0.5,0.5,7
"4",0.538,0.7,0.5,7
"5",0.564,1,0.5,7
"6",1,0,0.5,16
"7",0.795,0.25,0.5,16
"8",0.662,0.5,0.5,16
"9",0.638,0.7,0.5,16
"10",0.583,1,0.5,16
"11",1,0,0.5,20
"12",0.859,0.25,0.5,20
"13",0.7,0.5,0.5,20
"14",0.643,0.7,0.5,20
"15",0.615,1,0.5,20
"16",1,0,0.5,30
"17",0.904,0.25,0.5,30
"18",0.785,0.5,0.5,30
"19",0.656,0.7,0.5,30
"20",0.626,1,0.5,30
"21",1,0,0.5,100
"22",0.996,0.25,0.5,100
"23",0.912,0.5,0.5,100
"24",0.812,0.7,0.5,100
"25",0.794,1,0.5,100
