"","c100","c30","c20","c16","c7"
"1",0.118399147974143,-0.676445313335932,-0.286213126421372,0.076016310422925,-0.590919617809216
"2",0.0303479863040651,-0.00471797434171117,-0.424257893493696,0.274414629220187,-0.805819225802555
"3",-0.275176005287095,0.600301374633612,0.600069935923781,0.891137724989433,1.58244456819571
"4",0.919396864055678,0.263835175962618,-0.325389115579767,0.419269515171391,3.53565382346805
"5",0.0556956092417684,0.0166433727094442,1.66124890482864,0.161056388141216,-0.606941596105018
"6",-0.335014438589703,0.240216889402662,-0.290675805997471,-1.21713409898071,-0.305214941961747
"7",-0.657524808043034,0.160801135745265,-0.416766439642907,0.691684971290611,-1.67974277056637
"8",0.454341910943873,-1.69385058641148,-0.613568573359413,-2.14603710505531,-1.47531530770765
"9",-0.0077620030007397,0.208476908870855,-0.156646580822253,-0.118285874831977,-0.00222182354426392
"10",-0.116272074709041,0.705768738990241,-0.00723793723711563,0.484968565921471,-0.0462151403026165
"11",0.135639801329586,-0.255648121724474,-0.534487342211109,0.49399971305396,-1.33622066183378
"12",0.105228714263252,0.576411282495492,-0.921555976614916,-0.604486108909402,0.189067655976442
"13",-0.00863374714307508,0.30006315159912,0.574759610021156,-1.75940801930871,2.01076361241507
"14",0.216273328334302,-0.429909963563346,0.00216890731944164,-1.02893281046998,-0.0959523226181334
"15",0.577820670210535,0.0852529765101593,0.565273601782402,-0.121976695407249,-1.60923094192131
"16",-0.105280244352788,0.360760901282901,-1.30613728331047,1.45898004667544,-0.292744262671944
"17",-0.684235760925242,0.0130692360963368,-0.537002124803899,-0.436066749548702,-1.98921331184391
"18",0.148639490668426,-1.13017032621768,1.08658199872284,-0.0704216205845962,-0.246900977109331
"19",-0.236405118374365,0.706155737679912,-0.175206110840372,-0.718118193654415,0.770248664040171
"20",-0.129917153382028,0.348895003386571,-1.37720821254407,0.345201900071833,0.976209941079285
"21",0.757390967829975,-1.90146259801806,0.0973582531775069,-0.147312544907516,-0.651537616491773
"22",-0.282204231475219,-0.446934864598508,-0.700050461170937,0.832685870771819,-0.95319061317498
"23",0.0654037469896217,-0.79180107190902,0.842058953427284,2.48215609054637,-0.891974525178114
"24",-0.495622874187078,-0.411994413382082,0.808258031327125,1.31442099485009,-3.20008436643847
"25",0.138901039571269,-0.327975361210085,0.574116588023077,0.384436657589176,-6.14998284840087
"26",-0.507685118775683,0.462251670481584,0.0634025909059434,1.21185398092633,-1.35288659009447
"27",0.419392260213132,-0.0135133847241156,0.176901393020652,-0.102121176810139,4.43221898713956
"28",0.474354039020853,0.674143013836543,0.205749279234864,0.494580251810362,-1.48176980009288
"29",-0.027703673558596,-0.264962371341511,0.751707814760511,1.48202116662482,0.433117150689246
"30",0.360860176785505,-0.277110605434465,0.10831103637479,-1.239963673157,0.135097264330082
"31",-0.392236622355643,0.333052315150705,0.279541408843615,-0.424695864714344,-1.6521264858692
"32",0.253636110412524,-0.344255725593817,-0.357088896526369,0.0471043193333829,0.418766848515811
"33",-0.254320693208129,0.103818152879654,-0.116406680742425,0.749781425351376,0.709737846071106
"34",0.252291998200411,0.520260595606423,0.161437798135526,0.365368688506762,1.52594939205191
"35",-0.280195433398147,-0.0047547029544357,-0.635683547916287,0.102850434141689,-0.957972299962854
"36",-0.15824622079483,0.329831064249021,-1.094957312889,-1.01565791860355,1.76209909280151
"37",1.21051157034407,0.0890399704021904,-0.260467814024161,-2.27239366668785,0.591152983555552
"38",0.228852020888774,-0.05509421394214,-0.173706260394401,0.0530228217650229,-1.58418228277539
"39",0.172810577293672,-0.14649046031428,-0.088581946162537,0.0250398606950306,1.54810217956426
"40",0.158886434275223,0.125663266972326,-0.399386539083473,0.215525301461993,1.27421165000687
"41",-0.0975089189659024,0.854086484532234,-0.340470668010239,1.57460396282517,-3.30341408197724
"42",0.0297793144559479,-0.93376744246742,1.73989752392141,-0.989171556969263,-0.217930640494655
"43",-0.665066698822869,-0.0764993391665794,0.994995232074095,-0.286266730431886,0.177111899726721
"44",0.199971868344356,-0.863706616334938,1.06698286980264,-0.489426288842861,-2.01911265891049
"45",-0.0319781974883226,-0.675845556345714,-0.58936576046283,-0.721538027129682,2.61384085693107
"46",-0.169278543243472,0.976217727024619,0.406147399531828,1.07545980350856,-0.632656621371289
"47",0.663670701886343,-0.0760830461714352,-0.134562063655977,0.820908271239773,-0.511655696709224
"48",0.519340248447359,-0.623746797292938,-0.0627878906414503,-0.713953890665764,-0.339045289359257
"49",-0.115148463381214,0.535938621203115,-0.452270914504301,0.0891734071335051,-0.745149846554508
"50",-0.516049904597242,0.69730488212988,-0.344258473810063,-1.24324192684754,-1.56945664471315
"51",-0.0638049054725549,0.574743847578961,-1.87239232853749,-2.61596288386181,-6.4425954827899
"52",0.109790044855535,-0.0553763193273007,-1.03174035981102,0.296875928230068,1.46233520599054
"53",-0.282368687993117,-0.315384659192508,-0.376488801723581,-1.13914734185332,0.0934128731249666
"54",-0.177477871984872,0.07540621281611,-0.197068993999132,-0.746632164095703,0.289873480726131
"55",-0.16127922912089,-1.68619788897658,-0.478543101447186,-1.54135041359014,3.0005266654281
"56",-0.00820849200272256,0.416567053866642,0.649627719021372,-1.31965458596958,-3.71744502638581
"57",-0.240662581687658,0.574558294048901,-0.547049932769334,-1.9805260689971,0.284134871425487
"58",0.39344051284676,0.437310818928998,-0.0408011237697143,0.302207492355163,1.93051414690328
"59",0.470078142667591,-0.360110779894473,0.229449877365987,0.624828650256584,-0.761507261520821
"60",0.0103317902331223,-0.956113957418132,1.35213517301505,0.809264743149409,-1.63637922352916
"61",-0.512810252474637,0.501784492179669,1.11268147842465,0.773075525909516,0.849137584953535
"62",-0.0818749696513674,0.44566521132662,0.728203888015063,1.37445987228676,-5.74261552414464
"63",0.287430965391674,0.331287232711703,-1.18594050521765,0.343011559353405,-1.93421233094752
"64",-0.0312695185972924,0.543856716462224,0.731849125552214,0.653988344782765,4.17664867302176
"65",0.210529845923572,-0.502246633536711,-1.95811354711304,1.81779787137746,1.80548577166498
"66",0.492142893084661,-0.444318439820974,0.160682353028468,-1.62117118912317,0.176344488499408
"67",0.207974827700983,0.961060884612028,0.639405065536288,-0.297111890141632,2.99555890487257
"68",0.0365963703020166,0.339401283471327,-0.112215697660631,0.950727399270925,-2.88295589830494
"69",0.710428604873846,-0.620471110980421,0.357796288252366,-0.366634985172092,-0.26607459581265
"70",0.172477071823307,1.46776925848449,0.0562796495616792,-2.17044299341055,0.126610594762304
"71",-0.318216573396944,-0.510876714092273,-0.484090378810806,-0.503353093888525,-5.02589211249764
"72",-0.191523711423669,0.668377366067062,-1.09924542370915,-1.04220999994705,0.888473802683258
"73",0.00478593416770001,-0.346280958359845,0.528320151026574,0.523168313636022,3.14180507955662
"74",0.242437919470626,0.285965547063503,1.56048065920896,0.916059747824427,0.919242969826817
"75",0.161839233179991,0.138583658938348,-0.926796366954185,0.744546767006265,-0.489316237477264
"76",-0.531156969708993,-0.663312090948233,-0.354766060691728,-0.0604854481984756,2.90968027644934
"77",0.105066939796629,-0.592738853642466,0.295641778671461,-0.201669977502565,0.606994697514702
"78",-0.363034921507935,-1.38759786322124,-2.01609987683222,0.618106492480338,-1.34876314245347
"79",-0.180543780852209,0.402203235555688,0.490578639803344,-1.03511949837107,1.37385791783606
"80",0.23272422966806,-0.624134428692676,-0.430020790825727,0.388318792346044,-0.849047767027853
"81",-0.0899420353653031,0.717005307614289,-1.05311522138003,1.04513309539649,1.20418523723174
"82",0.58376172802167,-0.175639101759355,-0.463549414108748,-1.21566190177328,1.5899699582185
"83",0.242927268945357,-1.1382197997603,0.602527072882864,0.604855693157083,0.147316498565386
"84",0.271178486959691,-0.638839475754202,-1.18758752820482,-1.03025123025637,1.78136666787548
"85",-0.357595071197376,-0.082222432759379,-2.98041693341388,-0.639626577084765,-0.628500479021395
"86",0.165164931489295,0.815958472852517,0.227667971451171,-0.111586223928734,0.941776565428459
"87",0.141298076795461,-0.340167877472282,0.556700268563726,-0.449098989227214,-1.84048640288669
"88",0.0644272507933521,0.804357689132566,0.603202840480852,-1.38874605559389,1.65815268184282
"89",0.40828189026806,0.184817990946298,0.852212480592142,-0.185443299276217,0.0654961514156338
"90",-0.0732085855055129,-1.34295488009488,0.714987347359593,-0.0631942680987507,-2.05442315052291
"91",-0.201492192555111,1.3076048069336,0.373185253332705,0.339719721094035,1.08989977861846
"92",0.262216310248027,-0.559284458788836,-0.744050568913516,-2.20221301085635,-3.19586227907454
"93",0.43757139124021,0.431427680547407,-0.124036376125539,0.594011386572459,0.218696971890833
"94",-0.0120435770182952,0.22465495054312,0.0164344584650279,-2.30728842023888,-0.163653330076751
"95",-0.357340401308331,-1.46053331456904,-0.55605311180083,-0.67330474676313,0.737674260623177
"96",-0.187655563703786,0.367316304475258,1.46823599604395,-0.423972175071967,-0.153164640371832
"97",-0.367124826709173,-0.586420104637488,0.254048532895231,0.883023881640386,0.901598079615935
"98",0.14031978189607,0.78121091941011,-0.235071714451024,0.176068961820553,0.485741057104509
"99",0.0917731888749044,-0.509095402631325,0.269634913047898,0.179576082157431,-2.23071263266262
"100",0.10366009262974,1.39259551856768,0.41760698814134,1.14090640418227,5.06502850714078
"101",-0.389559515121874,0.735962206026787,-1.51979547867492,0.406823695551981,-1.1249451241848
"102",-0.41624613139183,-0.952227277975324,1.33202095584846,0.680991760873433,-0.26030318075088
"103",0.215012115475857,0.614409540685669,-1.10257495526019,-0.132388537044482,0.92525044980055
"104",0.413064491394485,-0.0357198234847831,-0.362804469085727,0.23138574818425,-0.513894982609199
"105",-0.546703877492747,0.217237314855955,0.369041286757911,-0.0308550691471547,2.99305691487163
"106",-0.472789624234644,0.246068454637134,0.581263761409307,0.0525167445258632,2.27405657994544
"107",0.325670078910411,-0.811517155524625,0.0600411018666979,-0.688335640691627,-3.03329130448118
"108",-0.31256663456469,-0.234670791791332,-0.222911296123662,-1.36044379042761,-1.40925245111269
"109",0.00339208598284446,0.44852049769198,0.920967766118263,-0.850120884023516,-2.27021873021246
"110",0.684879623767646,-1.26710088638036,0.566184240559655,0.468575611109618,1.06683805613694
"111",-0.52406124226729,0.00661561431285773,-1.5766047756245,-0.631245468395832,-4.66049306782944
"112",0.154873336804583,0.0611608911702989,0.978526379319333,1.12552486612334,-1.4629622113675
"113",-0.49197551265633,-0.700757413552887,-0.215126642158803,0.746785014865454,-0.900844160808833
"114",-0.122279049482621,-0.0178063460773314,-0.92872110902353,-1.82308350388507,2.03020557045972
"115",0.0352141435444603,1.29405822816964,-0.68211446996242,-0.585608728956407,-0.69823377135493
"116",0.141307143513688,1.5932562678624,0.346880158665037,1.84238788370794,-1.1500033173353
"117",0.748697122725148,0.0980926434954631,0.0388950158380108,-1.50273370926883,-1.73482132424941
"118",0.412057564380737,-0.963545855066865,0.727462384729247,0.459417981337495,0.663960288461172
"119",0.760653418350571,0.069510399786219,-0.456877021151057,0.237751708197987,-0.994574964422613
"120",0.297145306761525,0.217488284623079,-0.452030235754798,-0.181457830051252,-0.900611655664401
"121",0.389272553226389,0.158864338639657,0.362277748364241,-0.129240857263249,-2.55701453179844
"122",-0.450210462163875,0.0233344395339053,-0.997133518663494,1.6444102400505,1.88808294729715
"123",-0.357545139448173,0.246834668228322,0.093974775152709,1.38608364255159,0.909388607411555
"124",0.0374753277050947,-0.818415052818222,-0.584814332337074,0.208517400810143,-0.56921316527265
"125",0.608105040412246,-1.14918752729265,-0.182093938424462,0.106390372051111,0.44563676359625
"126",-0.301186164389922,-1.43958832665174,1.0438850090355,-2.59822733849484,-0.45055863082918
"127",-0.211771297331545,0.310119364976105,-0.312412684400712,-2.03214855871059,0.954952497952796
"128",-0.2196423325958,0.579565198474836,0.523788282889765,0.535574057791108,-2.01114195516962
"129",-0.617227082336639,-0.687045301533824,0.590569341990006,-1.73161630387012,-0.685403954310311
"130",0.192826827235965,-0.991608000320048,0.0355516535522649,-1.48141496928428,0.647626989496291
"131",-0.240317315900137,-0.612361605134105,-0.53517821802998,-0.508796475045241,0.523571434871889
"132",-0.618898011318441,-0.0322174204737062,-0.486239235037476,-0.119890542521917,-0.529339548993038
"133",-0.0538879195775208,-0.874273429912356,0.483973111976126,0.742805833988562,0.0341607621847191
"134",-1.04052870227752,0.818218368724123,0.818966672216192,0.656629384524006,4.17509111771816
"135",0.418325790680326,-0.431133096152051,-0.57951003543468,0.5687162960236,-0.524472092036901
"136",0.179727863366811,-0.24945827510849,-0.136787379144381,-0.327687609888369,0.173314947153553
"137",-0.230691095173502,-0.840013989522229,-0.549989517112301,0.0355438563821707,-1.54624665866024
"138",0.318680352213927,0.611177615910935,0.139806169614574,-1.06705286386863,-1.36246458400565
"139",-0.0734723164313562,-0.136025340555604,-1.83241681679745,0.871968239259007,5.04172296074046
"140",-0.534010873441279,-1.16610256874735,-0.107197216034037,0.191348466805173,-1.18912748325078
"141",-0.743321327430475,0.501579084021499,-0.622680499130676,-1.03323570400707,1.15219475138701
"142",-0.782170014553369,-1.11358095093983,0.362199123751122,0.491540724104076,0.207194926258853
"143",-0.653567452246875,-0.952499551264885,-1.22825707216473,-1.10629457180782,-1.63606944649162
"144",0.0336968185720947,-0.424278503054566,-0.230704068173598,-1.49467057394485,2.04830346490397
"145",-0.388242018930801,-0.321551229581207,0.737644787408062,-1.09194226751781,0.0227137697918646
"146",0.281721750603031,-0.514042961025686,1.44415291529047,-0.376476660713646,0.263568320302211
"147",0.13857622283763,-0.443327902280441,-0.933659272811103,0.540555023856711,-0.645699852074064
"148",0.19377384384518,-0.127623023058,0.00742997913502141,-1.02851041506997,-2.33534184867179
"149",-0.150819595435691,-0.786307741455489,-0.766800289581923,-0.732575796160248,-1.51420879913559
"150",0.286138687792329,-0.171944145711048,-0.277246162316491,-0.432711242326752,-3.29938292803832
"151",0.849432658348656,-0.0403160743520921,-0.00996177178923885,0.556896215606131,-0.922852857092328
"152",-0.118785169907046,-0.484611712369053,1.4309214676848,-0.880022354861494,1.69812461039609
"153",-0.378466625177337,0.725837054912816,0.854085646985928,0.784618253358088,-3.16664968401327
"154",0.330253737203066,-1.47968742318619,-1.16298494292563,-1.13344271565473,4.32573268571468
"155",0.0149467366299232,0.110854796771972,0.539477697991974,-2.1959004240681,-2.04915375182848
"156",-0.645662331805248,-1.93649467785574,0.309962628413417,0.694717217220509,-1.6536221709592
"157",-0.2244502356344,-0.738507367080294,-0.83873081717196,1.84150546939525,1.30206679977587
"158",-0.053433363932428,0.246863021649535,-0.975657102278951,0.296468099070081,2.226015960641
"159",-0.27494351562792,0.518903602522804,-1.35491308831954,0.793554511486266,2.6515598623375
"160",0.0857655432157117,0.248521924995858,0.391715500966449,1.16997010960118,-2.12384426456182
"161",-0.59949644196846,0.172384090920558,-0.529916431318765,0.687203656052802,-0.833607966486487
"162",0.0950266025582048,-0.398703812490975,-0.99352950896508,0.738984082351041,1.19611065717739
"163",0.0642599705855278,0.882356797068773,0.745587284745199,0.691361166128196,1.76317726235302
"164",-0.152444415796757,-0.114842677512315,0.492517215770668,0.80242833578194,0.509175130122082
"165",0.0259582371461083,0.0809848634212166,0.99438717595941,1.79612135859126,-0.807933876692775
"166",0.402652729401776,-0.619632348982913,-0.494829262603991,0.124450381022254,-2.17975558783904
"167",-0.329482979906054,-0.504348030671794,0.221851619308112,0.328693859767709,-1.48701058568855
"168",-0.222160637693427,-0.838008099125378,-0.261711943917949,0.865914193055663,1.60732811479593
"169",-0.904804798411085,0.658393775274692,0.34650347626487,-0.144854451729612,-0.867203736212951
"170",0.0528804214322394,-1.39840395156762,-1.23744066240655,0.736809940266252,-1.08588435557163
"171",0.423108866652019,0.685110121115674,-0.292023876349853,1.4761390216505,-0.951655996957817
"172",0.264063476780064,0.254489683226429,0.810160561664104,0.0967185395145047,1.74260827180205
"173",-0.0364155711383347,0.329754683442745,-0.340971083379596,-2.46301311411386,0.319591762806948
"174",0.185629469600294,0.6142462530657,0.0941083293197913,-0.100860971892472,-2.77523131885101
"175",-0.469361014475946,2.02258506269984,-0.0514200896865602,0.871517740469659,-0.670164850744585
"176",0.241608290225159,0.0982037440610949,0.489060310833171,1.05898787640222,-3.1491306767785
"177",-0.628339308222625,-1.22942309360159,0.793121033175823,0.554267957921871,-1.2003402060551
"178",0.00324783518697758,-0.686450800685809,-0.331425899104181,0.814727771817052,1.48021850278059
"179",-0.360879393471845,-0.808345172662015,-0.946348739456575,0.2000934403262,-0.236945406403281
"180",-0.259821927589847,-0.042643126086193,-0.22498195907614,0.693261801001596,-0.328759404023021
"181",-0.257668730199024,-0.769602698802427,-0.342060271891949,0.476829448466915,-0.392848182983887
"182",-0.527314715531763,0.418090724561483,0.885264717242568,-0.956834328124984,2.23839379332166
"183",0.368081091496488,-1.10884763925003,-1.08417837618738,1.7015611367267,-1.02056878964551
"184",-0.302149243195486,-0.630991194317558,0.676496632877898,-1.2137531807592,0.385105745144588
"185",0.0324612984233209,0.380961387866307,0.445529859188033,-0.280995158817343,-1.16279140242387
"186",-0.0711694507038028,-0.660808705903912,0.9943264163708,0.961064792561499,-1.99469264184721
"187",-0.481356193945458,0.0489404825829827,-0.738813863054887,-0.18701356433322,-0.772023078337102
"188",0.224819215639111,-2.49169105019607,-0.523491094438188,-0.190252838011552,0.162637592480466
"189",-0.265159237351337,-0.735487826509709,-0.440687157222177,0.285232102290471,-1.42511730451521
"190",0.0318321996612759,-0.900233706220757,1.2146424383823,-1.02094854675591,-1.36831293154833
"191",-0.128914371792509,-1.21940091206173,0.187068337927096,1.17014481873121,0.762721507150805
"192",-0.0722416416567599,0.884847291211525,-0.992420405223031,-0.0394356182837146,1.82259311327817
"193",-0.0238742496562898,0.306021214628497,-0.495018984914347,0.522604843374826,-2.93271789364834
"194",-0.201199196715229,-0.156138722759977,0.541116334761588,1.2573474966606,-0.913321817804009
"195",0.600444344840286,1.10218229842214,0.709340931311249,-0.0869572497639446,-0.449174612911615
"196",-0.446998275977547,-0.364455163071811,-0.833338132559361,0.643303731351889,-0.473056205477382
"197",0.333762260985323,0.341749459390414,-0.661612407804317,-0.437075776198282,0.430817970229968
"198",-0.449929316112961,-0.981843390672496,-0.536005625375035,-0.0287570098865713,-5.33425992815497
"199",0.199818767637018,0.161400676084524,0.295914482288263,0.716719454009011,-1.68924009781125
"200",-0.172518742244564,-0.422774831274732,0.60398570204552,-1.16705372947459,-2.89468068867348
"201",-0.0778571343817347,-1.65457919222309,0.903096036039999,-0.597015260673803,-1.97348129780017
"202",-0.0493851665085037,0.239951157166606,-0.898201338226372,-0.151151681857872,-1.61862581394703
"203",0.0129520612713808,0.16343587723126,0.130485063477223,-0.83399043258692,-3.0095508233075
"204",-0.0534498849870777,-0.928633727590257,0.334377121079309,0.834516068305315,1.02054435779221
"205",0.0056473010930066,-0.787751395699104,0.480864083422963,-0.0124001927337183,-2.36737981374066
"206",-0.521568332831038,-0.807338183276869,0.61813695828435,1.62642002935259,-1.89919103460398
"207",-0.0545030294367288,-0.340811737022953,0.829216751474271,-1.41176073169339,1.8806145016046
"208",0.314551366681488,-0.34229579409134,-0.665639549775486,0.572132454945121,-0.213248190654978
"209",0.026949841973656,1.40161434512078,1.08038757461116,-0.489208385882588,0.826710137518491
"210",0.110460082059133,0.679688691716422,0.778129021672417,0.581514338267752,-0.136835976688771
"211",0.0271015256805037,-0.149710829114639,-0.573291344385853,0.491509433773167,-1.91843261248066
"212",0.00858345667415594,0.572873781230007,1.08350335188065,-0.7197373182608,3.47459446766629
"213",-0.230915263489618,-0.592119781016524,-0.825307254983273,-0.253617802779904,-0.00200178464003509
"214",0.35725737053782,-0.0572358614959396,0.333342880483306,0.121490664571848,-2.26997410477224
"215",-0.228922601563631,-0.65296532605042,0.121166587477805,-0.396432005600878,-0.306121685198979
"216",0.151641081924184,-0.939144938208651,0.183757709220652,-0.177869862237274,-0.460552765839923
"217",-0.0397032133090147,-1.50602967840434,1.05681477110161,0.151372792196545,0.85264836399438
"218",0.035893052773071,0.104846961223789,-0.16687203763305,-2.02351343036982,0.843608321184791
"219",0.214966894338679,0.788873722141884,0.470054604220373,0.107319415783273,1.83879690952166
"220",-0.229000799171227,-0.725984415964311,0.423046160600295,0.385077694249134,1.11860079409174
"221",0.100146251829892,0.106408430331151,0.33555251759372,-1.39089974417063,-4.39193192573351
"222",0.449041030727586,-1.21198605801011,-1.12032215951035,-0.419480172277562,-4.38936498266293
"223",-1.00693072808027,-1.56636895434748,-0.161354038658791,0.631682536570113,-0.0327482714814118
"224",-0.314418597828537,0.40377946341363,1.8514314638258,0.670296486495943,1.87771448983471
"225",0.133346769630729,-0.311414858824914,-0.368061234801564,-0.85945913201722,-0.0311205828190118
"226",-0.228568828105147,0.854305061717889,-0.816082857629326,-1.10126086814845,-8.03248654503854
"227",0.116887030734644,0.0342422866012115,-0.0653057538179196,-0.412917651712194,-0.314930927808672
"228",0.414304327001093,-0.275466979328535,0.318869594819749,-1.77716456739477,-0.49485643775075
"229",0.0843624359047433,-0.134429509323653,1.22859229169569,-1.12385604930982,-1.01982947895782
"230",-0.501162956495976,-0.461958814911653,0.0561256367387509,1.0071056719862,2.86911635229555
"231",-0.323455974099527,1.28994471960311,1.4905079169502,1.2422547423393,3.08952183285445
"232",0.00536622808044318,-0.139339870571568,-0.262592425975188,0.660136563612951,0.681249009158044
"233",0.344145164264097,0.0753053254409556,-0.0786365824752482,2.23634319336935,-2.1989834611065
"234",-0.715680337260215,0.09283400445073,0.790460747594795,-1.29038956858086,-0.705726597232363
"235",0.0944652659217469,0.50137587516083,-0.596688901386352,0.381965627355145,0.239044591332461
"236",-0.111620888629428,0.310112942157348,-1.10141271828527,-0.0544621215916317,-2.8673857101545
"237",-0.235457031608904,0.368043172714874,-0.0354444709692658,-0.695969491249827,1.25424695667103
"238",-0.0344880697291186,0.213188493423614,1.71895040458275,0.976499469048248,-0.231589599094232
"239",-0.578610133865527,0.376088900084188,-0.122141110159973,-1.03021541700796,-0.154377317293436
"240",-0.314303474298005,-0.156233685411928,0.873695677012941,-0.558503104142831,-2.27170861998228
"241",0.311473607085403,0.465811407172443,0.889422734824905,0.811185359086204,-0.959991680349975
"242",-0.104721553748639,0.240366418033852,-0.906822366356392,0.0341911943564335,1.28697085627567
"243",-0.0437178484190106,0.231334080701936,-0.647983912789138,-0.227749777041668,-2.34410663174656
"244",-0.0659667436853533,0.444558792249475,-0.95230259918143,0.445532212297262,2.17049043324068
"245",0.00131001639903572,0.0413124643200038,0.665432074200361,-1.11905506446797,2.72960020409978
"246",-0.0349468649361644,-1.34925666663958,-0.336252315156792,-1.38744930221225,0.202287207926336
"247",-0.185496504057002,0.0737280246153633,0.335404891373175,0.716741728498302,3.44082268574338
"248",0.388198319586096,-2.24460522384283,-1.74008024785417,-0.162836853856747,-1.72042789072029
"249",-0.729676007899293,-0.144732137711916,-0.130816758543225,-0.303380963634381,1.2554707015637
"250",-0.104472476850239,0.00125571911536637,0.39303063997356,0.694111681165774,-3.0746978681329
"251",-0.717622801235959,0.629497684720892,-0.819631396584372,0.0397371701237487,-0.992797021899815
"252",-0.201606663040092,0.44611381204353,0.554842445532446,-0.936863331372243,-1.54686560949316
"253",-0.153130482788861,-0.986878830802088,0.148222030731715,0.140998684403064,-1.61787082497086
"254",-0.0837312897700879,-0.776950639298806,-0.804187259973586,2.54826148938483,-2.307002484579
"255",-0.449072652486826,0.38731699252417,-1.07888062180379,0.146793283257448,1.76595335763716
"256",0.274585664540353,0.710768813923857,-0.277915456430189,0.071037416511991,-7.0737134665223
"257",0.273183135999646,0.417581296479235,-0.97253499179355,-0.0431620631049723,-7.43775945355078
"258",0.599534191646111,0.0956602235984527,-0.180273055954042,-0.880305296981446,1.47974004214772
"259",-0.00439700719519442,0.101532060378159,-0.894083805809975,-0.0535988443532618,-2.28734626467358
"260",0.405488544814117,0.694871364326331,0.474412977741515,0.00852980956322247,-2.68443843717539
"261",0.720699074846044,-0.305537520189131,-1.40347123394537,-0.974978439376908,-2.10187269342194
"262",-0.191381953792975,-1.02835345650432,-0.0316379571417231,-1.39643028593238,-2.25775382115662
"263",-0.164874057828139,-1.24145205810987,-2.06443319836869,0.236945540211474,-1.58272652513266
"264",-0.423657536625454,-0.558917436564308,0.372155733696213,0.0820416626479257,-1.75926074307257
"265",0.0803285828999145,0.0914155187932119,-0.93137345677827,-0.529822411400694,-0.989255559317017
"266",0.836437804135894,0.475263338301945,-0.779309919240112,-1.28104070926183,-5.05859066814818
"267",0.0785912132260009,0.685086740075361,-1.42424375385576,0.373240836817107,2.10314521893721
"268",0.0621391166183433,-0.0538715934361489,-0.35284819375115,-0.417474158411778,1.22884860187486
"269",0.401975953863409,-0.0316814375093037,-1.45941001684455,-0.155455390868722,-1.57484533892223
"270",-0.782353623784702,-0.997910738408795,0.562573730331335,0.0364460164111149,-1.79535357646149
"271",-0.102794888117302,0.714506027037884,-0.933894054952151,-0.962660990498653,0.66958856779194
"272",-0.1274788975127,0.450172270918099,-0.695990231036377,0.127799330699596,-1.96704587550962
"273",-0.224035616637207,-0.0202637181348562,0.43310226250509,-2.98383781144531,-3.87569364994565
"274",0.181495612243562,0.642114387027673,0.342444179401642,-0.480353759523803,-2.15990267829621
"275",-0.158318307453242,-0.486653985576341,-0.446477245910967,-0.200585258345713,1.05024993630411
"276",0.00147883904008828,0.148060239760409,0.420335299912,-0.164265486027088,-1.55433777272598
"277",-0.0665973428411046,-0.227838533394617,1.48217999030396,-0.224072035383368,-1.61646272578851
"278",-0.345153431372204,0.437581242036465,0.623459247417159,-2.39355524097322,1.60384876382278
"279",-0.690150984647371,-0.291079019353072,-0.3355399377094,-1.08394552662262,3.84895603737103
"280",-0.015871685430173,-0.507547652495183,-0.328827420705476,-0.761644466980233,-2.55859740897302
"281",-0.146746185829907,-0.48891218981383,-0.976663462875416,0.769597210631671,0.580869640582685
"282",0.887864018022352,-0.714754075112026,2.25897102036739,-0.4455526760622,1.01834005010805
"283",-0.156497255164296,0.22864728217072,0.104166803538579,-0.609985639289843,1.1546365284072
"284",0.287839428568633,0.658127911018215,0.756440506509311,-2.0229702580541,1.71316961188804
"285",-0.711546386077067,0.524527988541787,0.300070273004676,-0.14098598092339,0.0174795185427354
"286",0.145699404399316,-0.501004235700832,1.10780039059383,-2.6993233051085,-2.54328875818829
"287",-0.696898260792798,-1.40103396137356,0.991663599515173,-1.13662365972573,1.07655085823685
"288",-0.256332470967613,-1.72323012366477,0.197723115969717,0.135484452691173,2.59555838288061
"289",0.0786011921728781,0.591679251931912,-0.405812854123693,0.293957216509579,-3.3057072382362
"290",0.148688808141823,-0.553539034840189,-0.00201910005637207,0.527456696231569,4.38461712260636
"291",-0.395353670689167,0.266721232759924,-0.184978079952504,-0.311802872818412,2.02843933523757
"292",0.447198837816848,-0.96076642372805,0.973094863580008,-2.92970966284218,-5.11463258851244
"293",0.149001794597454,-0.398247602452466,-0.0431273120558111,-1.46392123613602,0.366597372580726
"294",-0.4320633557158,0.139693619869898,0.790394536323737,-0.353084702230649,-8.30773048636953
"295",-0.201944025126778,0.432065421491943,-0.683282024834462,0.439106003655168,-0.82354376441927
"296",0.116014861440391,0.615972978444394,-0.758308163012879,0.384521042173283,-0.812577719841612
"297",-0.00598641151190571,0.607543995174666,0.0730429653780038,-0.365301670609777,-0.263443925826643
"298",0.396962858470526,-0.92416626012053,-0.213880929712729,0.0266354221744306,-0.751337894868756
"299",-0.22041496534148,-0.275162456794688,1.34971492306501,-1.07076947387417,0.654137354606482
"300",0.612614094347439,-0.115419977820284,-0.947497057406587,-1.68859129551632,-1.49749093657426
"301",-0.55176146747857,-0.911929127095943,-0.597291719411533,-1.48604626355463,-2.10813549561221
"302",0.0895832023457588,-0.274530727209711,1.26987343911008,-0.595986633263185,-4.29523523625259
"303",0.120278663925344,-0.15307693829319,0.822020554134567,-0.38820637659527,1.4812169876889
"304",0.505731253803743,0.621005465052085,-0.305521491449108,0.632020463888472,1.96279884708332
"305",0.589847953404058,-0.69490469091413,1.13082350768937,-1.9236718327051,-0.894199814656718
"306",-0.01996949093455,-0.790105538895394,0.701953136797252,-0.209076350985896,0.784283887407252
"307",-0.170700065825285,0.805180467271186,0.367918628176749,-1.16182453478262,-1.56130474937686
"308",0.179287257834024,-0.276404729101497,0.294668248815313,0.98622475161762,-1.06685574528355
"309",0.301408121392225,-0.421055205668267,0.395113269688589,-0.24655058213738,0.819831415203666
"310",0.428886863023862,-0.742048172493938,-0.562842753690598,-1.03829578439332,-1.05532508931117
"311",-0.0349244818598327,-0.696626020445184,1.18780753151991,2.03707029077744,1.86823528795914
"312",0.170529876074868,-0.665181911632771,-0.0237532024763467,-1.07832289510935,-4.15628804252721
"313",0.278763928129368,-0.631095680847055,-0.3324762168622,-0.263378572134996,-1.95406158576384
"314",-0.773005385576991,0.148876635622518,-0.0734895514261198,-0.542376327867379,-0.685899959671062
"315",0.0895200233757921,0.59839180748375,-0.292507168514517,-0.00179324565269523,-0.391978761845856
"316",0.124550793304807,0.0980187445645915,1.17811824178261,1.2590876813772,-0.989013787561228
"317",0.272961679595218,-0.49200620392572,0.0818621188122264,0.57451027824229,1.76437491123969
"318",-0.618154616945047,0.14728792762301,0.197573877464209,0.351469511983695,-0.124272085669268
"319",-0.169684753356775,-0.358955493081538,-0.9157258413254,0.0462057031691347,0.88201366145709
"320",0.520610655920333,-0.134350048211554,0.637045180603694,-0.136348851123535,0.3964973559747
"321",0.326251016590404,-0.0479945825411396,0.251391990089344,1.29933392485564,0.373713753956684
"322",-0.546361192787195,0.134620851831368,-2.23735681038339,0.858491188323548,0.947055021881376
"323",0.558720880278331,-0.898678366660128,0.107028317295936,-0.302200271065016,1.3751597295815
"324",0.0609501062323635,-0.0450612489535249,-1.12528774778743,-1.00996994311564,2.82051609757523
"325",-0.298730951552972,0.569607199303575,-0.0989259485050626,0.220496263436753,1.5930601814258
"326",0.201362017924753,-1.12775987641828,-1.02260690247266,0.434393315180936,-0.486355036871716
"327",0.379960156849628,1.28613922198461,1.8005801347914,-2.67654684674651,-0.590558271471552
"328",-0.751342231078333,-0.356070063891293,1.07791706927123,0.625295816840052,-4.99143885106874
"329",-0.0652763675763717,-2.34010397181038,-1.77612890259507,0.86213223966192,3.20604224980712
"330",0.132544559443183,0.194608714507338,0.0480301250268941,1.43691002285153,-0.765773112906267
"331",0.486002815134472,-1.49259824031693,0.0491955667985594,-0.32918993241338,-4.84519353780174
"332",-0.233203767384847,-0.586908206444927,-0.538312735657286,0.00528403658323928,-2.3174568520775
"333",0.40208412274345,-0.856646486741532,-1.36444317066395,0.611327591583704,0.80338431821759
"334",0.133344872719192,0.276014671502815,-4.36534770902956,-0.539121690172863,0.182905865410974
"335",0.906968831070676,-0.440134070066514,0.382031703024306,1.87330471732407,2.74170982078527
"336",-0.0633926808302703,-0.0500199565228154,0.749480280193214,1.83537066841333,-2.847360727049
"337",0.509519168775372,-0.257243285398766,0.255254658378966,0.12085711504894,-0.281848431861734
"338",-0.495318066529195,0.443886019158148,0.998885555603979,0.858159119377405,3.08655816369567
"339",-0.208218612641305,0.435184614435346,-0.946077478692248,-0.104400721441888,-2.724392518036
"340",0.409064158625844,-0.0542766975158884,0.359994693350229,-0.815468001890142,2.86953447938374
"341",-0.150690228708384,-1.3028062395179,1.18895053346008,0.727906189474958,0.511199086091603
"342",0.301215799718974,-0.528321545656564,-0.461590372765892,0.80050818046705,-0.543351611270614
"343",-0.488745588488049,1.1966024574246,0.961336868477459,1.05923942645059,-2.04248576707111
"344",0.329716014161806,0.295835622368109,0.662879280091028,1.96589098270591,0.953459504494773
"345",0.0464870927670205,-0.624610617284666,-0.644876502274247,0.628910109690708,0.995103202629403
"346",0.143988786372121,-0.758095844165382,0.36390045730003,-0.888035610157467,1.09166891202865
"347",-0.126549755962553,-0.590227834485188,0.36018067348722,-0.210058769416845,-1.14414083719859
"348",0.417932167631238,-1.10727963440465,1.11220557661595,-0.522418213745612,-0.0248070214107472
"349",0.0624185111932942,0.611029460619479,0.193291338270597,0.534102022684194,1.74505509695705
"350",0.867440863107452,0.894781645992007,-1.79740457729524,0.0547474014195352,-4.05422183902528
"351",-0.594811952953078,-0.261798997557123,0.132712714469089,-2.1566447635885,-0.244867486122079
"352",0.257398301018486,-0.401325662754613,-0.355404360588001,-0.258422162105247,2.13817488718971
"353",-1.11606894462305,-0.315950257354649,-0.598048770447727,0.0798443581290252,-1.20445888742246
"354",-0.0986479219536724,0.58053882484955,0.889014054071652,0.552957261175211,-0.488385928219497
"355",0.192448339260245,-0.163272944486517,0.325897474497363,-1.20055213222771,-1.67515636560531
"356",0.0210459384142013,-0.385905141482758,0.967055814924814,0.469459885294571,-0.54778471031412
"357",0.675031878818336,-0.370611388364547,-0.728240730209165,-0.141117363187273,0.710300003385614
"358",-0.204965356686182,-0.728920843040821,1.29123000394901,-0.374188227183325,-2.16799901100935
"359",-0.0141571787142782,-1.41628302158061,-0.0561261116190379,-1.81899644297951,2.98641125411202
"360",-0.116681481737122,-0.2517999764194,-0.110430908932288,-1.43247922735573,1.18687665355921
"361",-0.589381457634865,0.148798195878254,0.203724837765235,-0.819056890724607,0.0130416752308904
"362",0.930833703860208,-0.926946737652796,0.00697291873410477,1.04577572123434,-0.0622890052156253
"363",0.00223118920664866,0.13055028113821,-0.695161683681554,0.427771394308763,1.05761843706983
"364",0.500511335752208,-0.707330248072715,1.27146408420848,0.668665736300464,1.02319141853223
"365",-0.0334185298582121,0.257307362284387,-1.011526382329,0.0323814348710836,-0.158299607499774
"366",0.307215921106601,-0.837935256538182,0.0711058924886896,1.56861549245776,-1.80201237904637
"367",0.166279434527221,-0.427596320811991,-1.25362820628564,-0.297713881075105,1.69848954032769
"368",0.168223249230912,-1.2112977590616,0.118490765048294,-0.0216906469285469,-2.71590319865224
"369",-0.0431013977166899,-0.192849516588943,1.13467074074198,1.02004638431835,-1.66753724359572
"370",0.0814880289651588,-1.16786171534746,0.0737223690646662,-1.24293151511119,0.415191473906818
"371",0.0595700641095203,-0.403081317550841,-2.32526946896019,0.511687030199024,1.6187426870957
"372",0.135922219253527,0.371692359255397,-1.34211639091853,-0.0103101622031645,-2.22825143998497
"373",0.2321069925194,0.536427328634706,0.767322747461572,-0.244267142562413,-0.971175336432881
"374",-0.0955949451713511,-0.604137611266165,0.70449738615313,2.35258413178139,-1.46404248736225
"375",0.616367094958673,-0.302810153520474,-0.218481566615992,-0.51853878248542,-3.66581653573774
"376",0.0156725759183034,-0.582110063694508,0.0773794564897506,0.670974485999377,-2.42227724105164
"377",0.530780870377327,-0.76466633790701,-0.460138259117694,1.42282774012421,-1.83743356358471
"378",0.0381012912286192,-1.36455150444949,-0.915958474045244,0.903068192214984,0.981136617155045
"379",0.493822916721498,-0.656637285844809,-0.204028514786774,0.452770409790103,1.69839781496538
"380",0.372209916333824,-0.539211707266757,-0.483058309361301,0.133050755188266,0.275103543673303
"381",-0.4616585306021,0.367490276679092,1.22615009167639,-0.290991919688856,0.875586976321823
"382",0.331444744782783,-1.18163558338326,-0.277117875899961,-1.02737710375492,2.55669857797456
"383",0.11885450201169,-0.424308246699165,-0.0695916961625045,0.485649862446297,-2.74803844952831
"384",0.417808446157725,-0.316396427892707,0.392318721228065,-0.672229136229749,-0.912823996468549
"385",-0.354869665472743,-0.423390059195047,-0.608119352848775,-1.44995069223311,-2.06630041435492
"386",-0.318921803047509,-0.372039011412772,0.352829483975592,-1.7515697875209,-0.529539058547096
"387",0.411868633256495,-0.859693987581375,-0.633765574081246,-0.013401830598337,-0.731759613842424
"388",0.161626716533657,-0.138108409134327,0.98149137297495,-0.879591914238891,-19.489228701347
"389",-0.62580512339399,0.810155717540007,-0.0309756107054828,-0.676456272334081,0.503034002310319
"390",-0.231473739219434,-0.192065749272664,-0.267568276523369,-0.583261027413294,2.89331974986311
"391",0.281100900331513,-0.661230783803352,1.41925215071215,0.460750515073812,-0.383552536953336
"392",-0.555187518216299,-0.211027969049512,0.384996509426636,-0.0200427388522864,-1.58167952228533
"393",0.366544541541893,-0.450621197344593,1.11376328299981,0.503595787230032,0.353179455262639
"394",0.154452596236271,-0.498565140752999,0.349856566215417,-0.0672977832195871,-1.23604378532686
"395",0.179443911041741,1.10466034486566,-0.912350049170839,0.975928931727281,1.6044701671457
"396",-0.097971096938835,-0.349818413709746,0.209536093399819,0.418277645563028,3.74340174845054
"397",-0.508263265430391,-0.492294201263144,0.811523762034431,-1.16930476594036,-2.29398027897424
"398",-0.242864997449603,-0.266209642657248,0.819509209372752,0.320942225253912,0.0340477416954024
"399",0.0540517439447897,-0.379190547532657,0.729122165735674,1.59653253178993,-0.189482210720895
"400",0.365732001543645,0.636450389931411,0.0299490148141244,-0.44001546026682,0.528866730385518
"401",-0.273420526423412,-0.278713320897011,0.0900594854647099,-1.16654248419472,1.84151718309784
"402",0.433780038275876,-0.967173721534102,0.0589649033019641,-0.112014218712487,-2.03048644531008
"403",-0.0188388330642053,-0.0405443809875805,-0.56504263871525,-2.20699716385534,-1.87222689027986
"404",-1.30499265230821,-0.0606140134598108,0.0438969924995164,-0.8152917901451,-1.12120857399078
"405",0.0585610295742069,0.458695470781818,-0.498473575410445,1.11200993089979,3.036023880477
"406",0.406289914854823,-0.718438320802797,-0.787606489180149,0.868738726982531,0.784790206081877
"407",0.128075303774045,-0.524986608252696,0.123882245432504,0.975143203168967,0.0869062597618354
"408",0.5296676782075,0.0712952649741929,-0.0194533108261412,-3.51452179080923,2.97374227728504
"409",-0.288489265787279,-0.00743902810753805,0.362668499399166,-0.103795205181044,0.367274035574778
"410",-0.344352264656638,0.220882236332136,-1.52759882893338,-0.945606930385248,-0.754091748551441
"411",-0.0175735177378218,-1.83503516563645,-0.412329229803154,0.454761201691108,0.810362458197788
"412",-0.221251226660172,0.604317540077062,0.00122714033740923,-2.29701030367097,-1.95383485452878
"413",0.0671714600296274,-0.330228513905666,2.28382734051254,0.0647292712259208,-1.12260264377068
"414",0.132568964048313,-0.0125744857089702,-2.21510189368477,0.475899718790024,-2.34156640612085
"415",0.480536563910088,-0.680754129979059,-0.286267756174157,1.3308846860214,1.44836390543631
"416",-0.126997649358619,-0.0412868119312326,0.634246058434656,-0.467331503083336,-1.02968517156726
"417",0.498813153751974,0.166655603300377,-0.00257075233143667,-0.0531798517915105,-1.67593985948058
"418",-0.78895336604142,-0.673735180762835,1.1095703673314,-0.391523158008031,-0.708760622009159
"419",-0.10856791304453,-1.42973912387539,-1.09964750000766,-0.650697825362029,1.57266476254043
"420",0.717318236153135,0.245262001766776,-0.0389902309778289,-1.15768578871563,1.68464695009734
"421",-0.10510662886683,-2.71866191095629,-0.0147288813567237,-1.61506864955407,0.205530427206851
"422",-0.45173087723555,0.4961534695196,-1.1410162965612,-1.53804604208535,0.580778776023624
"423",0.463573593038491,-0.0401520188107956,0.82295947701004,-1.30146861401039,-0.635061192364278
"424",0.173966809771736,0.121024701189201,-1.44334909063339,-0.0742396743958593,-0.277558039336319
"425",0.285714523430129,0.4439539897061,0.22311358394844,-0.476801450209939,-1.67007398494817
"426",-0.00303500554100156,-0.265223717686017,0.958373944818635,-2.42516257560079,0.0218232730559994
"427",0.214207196191968,-0.082568033423438,0.377292274289431,0.212818946933146,0.516568187065739
"428",0.828822807054382,-0.627702008066703,-0.116515328800374,1.18723199330353,0.821887107498547
"429",0.658404908426173,0.260365414782065,1.50313828326833,0.84122171879274,-0.374848569412574
"430",0.223357324966008,0.303376634387343,-1.16439018629129,-0.87907196683493,0.686515104011505
"431",0.279096282382411,0.33019869013961,-0.917522535846032,0.908176169274246,1.49818944646001
"432",-0.0539039217528374,-0.225124174587698,-0.134684826795974,1.78515491280621,-3.85676802804962
"433",0.126336030477856,0.950994061739318,0.0864515051653886,-0.902894608831905,3.01081322574381
"434",-0.18351589459315,-0.437165037581913,0.0882609556415929,-0.540004556213166,-0.252714694021637
"435",-0.41415088787433,-1.66294374968751,-0.265917907927693,-0.660367612828158,-2.56357042298789
"436",-0.437657203956743,-0.319938721178552,1.51720355868817,0.208637370565709,-0.936411944311947
"437",0.591155664009823,0.426062487172217,-0.706790928180705,0.251257829621378,-0.696623733401312
"438",0.622411797888915,-0.533135645925458,0.974308908269034,-0.673948534379934,1.09188179408466
"439",0.0585033578582201,0.206700937258229,-0.417874228863681,-0.625355406436768,1.22540491212796
"440",-0.639948515692304,0.322501321147119,-0.955756894586051,0.958353095835894,0.322211583027885
"441",-0.0447485531171481,0.202144666719591,0.619448426632182,-1.50180534590618,-0.917962094797821
"442",0.236138202284654,-1.56859564326065,-0.658900039182756,0.303271084909408,5.87569188844066
"443",0.377979433976771,-0.56168672148585,-0.0384865300140338,-0.0365329437660409,-0.588724081196316
"444",-0.227560111452001,1.29406819139006,-0.862240376914758,0.18234628529345,0.701553116216958
"445",0.273998549399744,0.22987051582184,0.462806369935865,0.00997403246253514,-3.83755084522241
"446",-0.437049138516082,0.0598044750497921,1.88003059822625,0.546002722272807,-2.11424528614763
"447",0.335802944612791,0.326177139705605,-0.738274062021227,1.1744502968905,1.47184930012945
"448",0.0642836126194126,0.37176874807705,-0.00290331367638141,-0.598176233304559,-1.42200293964494
"449",-0.0882866754746447,-0.280777957211445,0.273829126363835,0.601981186253306,-1.11007849030828
"450",-0.138606988330308,0.244773045623975,-0.503753368642222,0.0042610078864288,1.28201415292704
"451",-0.468118504990849,-0.372184590752284,-0.622047929231964,0.150708463653488,-1.74986192630302
"452",0.176385345670725,-0.0621253784367237,1.19848133341719,0.21755364233773,0.815862436331476
"453",-0.652387849166382,-1.11480960352199,-0.524811984744859,0.330087617023566,-0.653713974049796
"454",-0.0841518351636812,0.0702544713600805,1.56154715832904,0.472337793342606,-1.63354438699842
"455",-0.00589325459759515,-1.60862704052034,0.105693515454293,-0.770973649480287,-1.26904308611373
"456",0.501386801629679,-1.29662061180915,0.747332287502481,-1.47143049879667,1.25250733719751
"457",0.0681138704413318,-0.303049920689465,0.924303874308785,0.445490930816875,-0.207483385304011
"458",-0.712489725301271,0.139161265990421,0.305907877304626,-4.23194453716614,0.895716023335238
"459",0.498602907293332,0.288056068800333,-0.338516494613946,-1.10970055016517,-1.10967620823581
"460",0.752832797056307,0.228082737638369,-1.04670794071597,-0.361538009872162,0.408533255670928
"461",-0.119180490726864,-1.1147281024046,-1.29342452176625,0.43353784756983,0.875203170298558
"462",0.200429370889144,-0.0630386862695469,1.23685450910394,-0.57045291622629,0.766458985062818
"463",0.394609981196235,-0.219751606395929,-0.863339751738702,-0.619929312883559,-1.66672777009994
"464",0.976273732163272,0.575250681262518,-0.87988486639599,0.181979896311377,0.261292814434083
"465",-0.0801748246512752,-0.248222648205585,-0.757809303033236,1.02672038743485,1.72808618434491
"466",-0.0843537914005286,0.777463136518674,-0.570630745778448,0.913407082309973,-2.98816983559069
"467",-0.25841772285376,0.273507488881873,0.418310829998803,0.159427615291119,0.758665683914316
"468",0.0277017061497009,0.499057805432168,-1.20363645014532,1.52059228030823,2.92503524320164
"469",-0.0463218723186878,-0.771840675833465,-0.429398152694638,1.30714087019532,0.10299355569519
"470",-0.133290525451689,0.512463826667392,-1.26933573530608,-0.419556626135934,-1.12198947572532
"471",-0.242859580020073,0.451949707075482,0.091802588876116,-0.318476564767258,-1.83749988572535
"472",0.340400107860077,0.358264917568574,-0.396393966541424,-1.652161957844,-0.367210523187321
"473",-0.0200158105514459,0.607656292825928,-1.48729352517373,1.19882159838753,2.66433827849542
"474",-0.187934731785999,1.28450513839471,-0.108225847360228,-0.270332739528028,1.78662921527256
"475",-0.140217814066333,0.463462022804205,-0.0856431263758468,-0.656882175816797,-6.97715071413839
"476",-0.486912152263385,0.140114488520672,-0.394492261140709,0.0116362973469175,0.389491310569959
"477",-0.589859472017094,0.125771950801907,-0.800251862849642,-0.864966502370432,0.121174477371639
"478",-0.46128629367211,-0.67035303155659,-0.498337835119363,-1.59434513240912,0.707678252401419
"479",0.336321341918967,0.42802462361606,0.221689438254288,0.881538465194358,0.299625372697418
"480",-0.027994072530082,-0.388977725525766,2.64438437257096,-0.290666395316709,0.0135515715581471
"481",-0.0906836152462382,0.254485213751367,1.30873716198941,0.239565927481381,-1.97517097234684
"482",0.145506939354082,0.813506526167142,-0.949661049817442,0.864433027405763,-1.6603841085845
"483",0.0630490101581024,-0.887993536871873,0.225012976703987,0.788499447912926,1.3138890008255
"484",1.09855249019418,-0.0471963418962456,0.0959977089848787,-0.761116446007962,1.51646625977802
"485",-0.203591552013167,0.544196948197855,0.109530844270895,-0.112330762212278,2.77658661545981
"486",0.181008957378444,0.982134908702314,-0.348801790054384,-0.590252877647971,0.372859908055428
"487",0.523088083664893,-0.393928854055507,-0.383036435174484,-0.0775483631075471,-0.324933690875698
"488",-0.117763561632787,0.592357349647708,0.332061047103296,0.66858098129679,2.1926296980876
"489",-0.372264260228753,-0.311208339468084,-0.0808230733809845,1.20250591888896,1.55071566324678
"490",0.0504968851014312,-1.24521240866626,-0.123525357458706,-0.267870281079893,-2.32877679918121
"491",0.115644454415518,-0.1048955728376,0.841316837669908,0.260798138030281,-0.147644892716243
"492",0.274151325580876,-1.62647544253363,-0.695356698372563,-1.00078718954156,1.65684645741369
"493",-0.60192951861632,-0.248873474923305,0.0840267066078341,0.00257385688995193,0.787227483451128
"494",-0.0165418254342626,0.223414138393829,0.405780076353028,-0.101010605743428,-0.516492485966922
"495",0.320323102388617,0.283035068433337,0.459741423057768,1.14419479827155,-1.38109955826988
"496",0.296498979853228,-1.22476616554881,0.708217309334138,0.472013182715135,0.489060807139595
"497",0.0712290460817571,-0.689825525041764,0.402401969308109,0.604882475669774,0.0836053273409845
"498",0.489659440714549,-0.12466236198721,-0.102546381095506,0.920377253690188,-1.1453942681192
"499",-0.0702538930768197,0.105853901597616,1.0876552207114,-0.287086071956099,-10.7834441263572
"500",0.162296204522125,0.898176052118844,-0.905970798619278,-0.59833737626701,0.00109816843187094
"501",-0.0764743104386116,-0.120272389189179,0.304091061911645,0.342996059415625,1.31334241861174
"502",-0.331282647484808,-0.280590591606124,0.371410439670423,-0.21041620554469,-2.36333181262946
"503",-0.136327436948154,-0.592549850713044,-0.363119871140794,1.01323074286912,0.632525703004806
"504",0.381561692275058,0.49585943036982,1.68345237393209,-0.783145434159272,-1.91388586589363
"505",-0.0231621303906775,-0.577776503903606,-0.0905724992339421,0.925682777168309,0.495682721675748
"506",0.155924868483382,0.49668441713221,-0.0287945497199751,-0.708904600805548,0.925156035498613
"507",0.471870373745148,0.491781798857676,-2.33533918053326,-1.0859828593937,-1.22111367347584
"508",0.405217007376386,0.0252633607843527,-2.90913655615524,0.530696475096925,-2.04926659363134
"509",0.140438577122636,0.750355076036072,-0.456029777612759,-0.807215483416931,-1.24524271319695
"510",0.0457562461881713,-0.824862120230773,0.0718274448683263,-0.328970409100859,-2.92353055783724
"511",0.275878282790599,0.537886970965093,-1.16783989502694,-0.238640448182329,-3.7851894269868
"512",-0.401223810825361,-0.44095767025549,-0.273112799416039,-0.240837473478516,1.8539270962501
"513",-0.0923052918837965,0.227852471908987,-0.353717603270031,0.33731852414796,1.64841814169774
"514",0.49753072488398,0.330182093660245,-1.06556510921587,1.94664423548208,1.56281262761877
"515",-0.381935394097216,0.75612444607522,1.6020361953869,0.429141602723109,-1.15649450446009
"516",-0.302988422093813,-1.19830825517791,-0.450234398806893,-0.103443853320326,-1.15365169346405
"517",-0.00978470987571023,1.17714053331802,0.791306886288503,-0.957304719385291,-2.15104085150341
"518",-0.0642462432739641,-0.145076236682335,-0.734214998637208,1.06505678169114,-0.294246821940057
"519",0.393931317356212,0.432043343970559,1.22321547510932,0.434937597089157,-0.197781697223786
"520",-0.189141633337322,-1.26766963408715,-0.120836225649612,0.993808504714115,-4.13964917600053
"521",0.261467774611415,0.0311060814854515,1.77420049996698,-0.439372770850431,2.16141197136535
"522",-0.143520738449203,0.540094017299131,0.0170596246050824,0.454442708816753,-1.50679998623587
"523",-0.350054708643212,-0.826333462044935,0.0223351528568487,-0.98525362001055,0.137127563857891
"524",-0.104564404382621,0.401525737809844,-0.518224068884152,-0.306838187057102,0.0538360166732381
"525",0.202016656243728,-0.760404171410338,-0.236522030480206,0.596901698758352,-1.04361630872412
"526",-0.508997790357908,1.36260177747581,-0.851639491349378,1.14486850059313,0.390265297753651
"527",-0.0574350907001988,-0.247453947823105,-0.108755041178865,0.0957575278300667,1.39137099413647
"528",-0.560641323348716,-1.03411293562745,0.341194611366263,-0.696554570387877,-3.0281807421967
"529",0.0734130557983049,0.353387229972029,0.422441626112821,-0.0299614927295395,0.601270118019614
"530",-0.134128491143054,-0.585307265952527,-0.295808897575331,0.440230710211245,1.11151267179929
"531",-0.305330529522002,-1.93222478949288,-0.196712350859475,-0.351844902245441,0.27921902902345
"532",0.090581191975912,1.63744203844567,-1.49540482793639,-0.0443911294925721,0.160319724730999
"533",-0.071004512887253,0.387069955180619,1.45981709503283,0.701514709788868,1.48957820799517
"534",-0.120674621760373,1.39289602321866,-0.421162836832077,-0.349382357832503,-0.356507219165333
"535",-0.334255658587524,-0.0701613124275582,0.810223117985463,0.367389069198593,1.05238590553901
"536",0.30531880956021,-0.196468439878665,-1.44655294853222,0.0418745708127222,-2.18672395599056
"537",-0.180828787978653,-0.149630243117395,0.159606787798534,-0.342449631492615,-0.471395208782943
"538",-0.871824925115093,-0.952797476347794,0.562343303321968,0.395180675534968,-2.19509922869086
"539",0.310095575837832,0.507567367519493,-2.19550559143927,0.814756978966029,-1.97535296015618
"540",0.459478492091956,0.0754998134020649,0.866635595862174,-1.90520216043343,1.04363710099506
"541",0.492860836287009,-1.17911728869094,-1.30709668119906,-0.308363291634967,0.253591061827866
"542",0.223565498694584,0.450412166154589,-1.26585150710144,-0.638664377851636,-1.91865531499042
"543",0.148265555083996,0.5061925013723,0.34356763793059,-0.809856611736657,0.0221813551400921
"544",0.53178564913513,-0.13838702813813,-1.19937710463626,0.0693374889260525,-1.57495253294362
"545",0.074222710807376,-0.584387803835617,-0.823204549072337,0.103377659986115,0.111125043251738
"546",-0.0859256607888976,0.00348787237659776,-0.118263415717573,-0.025385006175852,-3.12282239573193
"547",0.00876223588732716,-0.121147016150047,-0.785380698309539,1.0512925636219,-0.276545774978371
"548",0.535276751941547,0.327011226991274,0.843315767357427,0.36831974395844,0.368099000488694
"549",-0.624633459715215,-0.313532597678007,0.396490333418046,-0.0224176334824107,0.693935271095727
"550",-0.0190841396102526,-0.183646911908923,1.46254471608268,-0.283031460953034,-1.74235386354631
"551",-0.35771301945661,2.34596454651351,-0.853003640709204,0.932156036500253,-0.52939939506258
"552",0.0991460035024805,-0.936768416631473,0.0319094219320704,0.156593961961237,3.28760364528187
"553",0.442324621110023,1.01480944299846,-0.293027962202236,-0.859859271537852,-0.366413660788537
"554",0.232353600238865,-0.127017937084025,-0.792539327236059,-3.98779946608242,-2.30028099715704
"555",0.4743317760556,-0.368971255663491,-0.682944798694162,-0.799283352226664,-1.72004306260921
"556",-0.680879052750046,-0.383234038930984,-1.48129099471799,2.53462716399279,1.40119204804538
"557",-0.209519132662307,0.473139149738582,0.667749781709253,-0.0103063681714737,0.364056201088624
"558",-0.0333973470028721,-1.47528495073075,1.10592734572798,-0.864239862337471,-0.323894094094464
"559",0.199525001468564,-1.24174634007237,0.526190246200184,-1.33686685669882,-2.44313084562388
"560",-0.130074504168764,-0.00958059741467321,1.16759072160017,0.249357975173876,-1.20921579998942
"561",0.532835322945268,-0.110480105326456,0.558826779485761,-0.429546768635641,1.89710537784441
"562",0.0897149880271798,0.144815375852419,0.635165869957444,0.373630476085028,2.30304831284705
"563",0.433733122024928,-0.374686428630646,-0.801497110270448,1.15954645127479,-3.26700984609111
"564",-0.436834207982921,0.688935455652762,-0.41386759665369,-0.12226966702974,4.78302468499782
"565",-0.32580391654287,-0.636906723282876,0.451247409884603,0.476183501848579,-2.36705250355848
"566",-0.029107441798697,-0.85505501071378,-0.654480410420521,-1.78490518351489,1.33042655458561
"567",0.308270000185669,-0.160831601513486,-1.08160422602873,0.189931351080557,0.935104331744966
"568",-0.309368172123697,-0.819215823003889,-0.889494068161655,-0.0323155297379008,2.46092635591772
"569",-0.276875863682744,-0.555202990846914,0.0134558058491127,0.213938842813932,-1.36883188324683
"570",-0.0188492214455396,-0.529250902505867,-0.181546441511834,0.00270910137481473,0.485919749503218
"571",-0.31711144996701,1.94858767609215,-1.01855993631425,0.634989669760927,-0.892247523102833
"572",0.419980150970582,0.446966065388592,-0.33328286325336,-0.653920988770817,-1.08053648350575
"573",-0.0712755144249866,-0.167173990297503,1.28079497809228,0.0235460101593927,-2.50141934706709
"574",-0.858647315732616,-0.587853495587719,0.339308057377548,-0.689770184683032,0.315397633721548
"575",0.549818640247721,-1.24016706131721,0.408296979189127,-0.320785386189741,-2.98288649536391
"576",-0.664127509253376,-0.129387992490675,-1.25508895330774,0.448903987595106,0.879509387394796
"577",0.359770682370356,-1.02769547767875,0.0819953690059303,-1.38454171446043,-0.10967492432114
"578",-0.073033446640858,0.544664077687518,-0.0537077491520279,-0.562028728949473,-0.963771354379741
"579",0.24873358322305,-1.30421439458992,0.181391748864232,1.48603706794542,-1.30633020507788
"580",0.560552921380678,0.126467403892564,-0.359693256317607,-1.30949036063232,2.22568071664646
"581",0.328709846171999,0.0886774842940914,0.72785804877377,0.589502430098805,0.995461030791108
"582",-0.0879175336847582,-0.0848686378058277,1.91919572380533,-0.139612699115971,0.506162137389882
"583",-0.225439391375522,-0.436451710281524,0.399243391113355,-1.59736662481562,-0.715380851063821
"584",0.259840022164414,1.76011502043188,-0.925476697753592,1.2023560218508,-1.83023077322335
"585",-0.146029849637502,-0.158116318294825,-0.149499346340061,0.87938812519512,-0.455156993289911
"586",0.0927340929814564,-0.311851981916643,0.819284198154544,0.282239445099142,-1.70685205589012
"587",0.0898449407533134,-0.512946454944083,0.972087385076543,-1.73850717472814,0.654195035765859
"588",-0.00437667203185166,-0.885642975581767,0.706665210230734,-2.54364833226329,0.797639382680783
"589",-0.155563570666959,0.933294745026702,-2.87699594464065,-1.94726044364672,0.868658583456192
"590",0.260350046602721,-0.532041380952322,-0.223947551118342,0.563708935365807,0.720037937418851
"591",-0.545665624214292,-0.220246931385938,0.311703574527364,1.09134043142359,-0.705892012262132
"592",-0.201068906651041,-0.306849547958729,-0.797052659177798,-0.208261277167193,1.49448381830917
"593",0.226642577442023,-0.687746510117584,-1.32164448285707,0.428040929252136,-1.23225266833104
"594",0.0956887795847766,-0.190756294877021,0.160480313566968,1.31281960248039,-4.49854396682171
"595",-0.104501921738847,-0.145368242466798,0.201056622137987,0.389091211169257,-0.143611483869232
"596",0.569973284172691,1.35093725914842,-0.356193489146552,-0.192800730418382,-0.613587017034476
"597",-0.369099544447284,-0.413702601060922,0.551938347833911,0.86482222340669,0.829691807385351
"598",0.0749389030140577,1.19039014307389,-0.82738311188674,0.114358182404462,0.719084338656127
"599",-0.112352446393255,-0.0937131997233303,-1.03309773460281,1.05275067986842,-2.12655001136508
"600",-0.0860541170784586,1.10904620967864,0.777678095462569,0.807626805045154,-1.02955302067785
"601",-0.964398189623926,-0.488811198251083,-0.721030665578919,0.498167030036982,2.45022666588697
"602",0.194052764766045,-1.03095754872482,-1.91097471867553,0.91249072282457,0.157616620932749
"603",0.462620079566502,0.201599669300518,0.809024079734704,0.727081336804266,-0.680174149845252
"604",-0.375022486097875,0.341149235618723,0.34136153156492,-1.52734401143736,-0.98107541677094
"605",0.106416807761052,-0.97906412881716,0.862346330199458,0.601447102368829,-0.379414632889683
"606",0.0254391182837401,-0.712132395434768,0.559289230581818,1.04668253016959,0.225013724796275
"607",-0.296811028761149,-1.00384911529931,-0.733295728878492,-1.03760158013871,1.14154344667105
"608",-0.528593112494929,-0.244488426493182,-0.801812695078793,-0.101139767688121,0.340014960345488
"609",0.130746470304805,0.00370480458169176,0.086697814292122,0.126766311921811,-0.968765981659004
"610",0.30611364815977,1.39595199715888,0.138880383799207,0.633346456482474,0.781061806113563
"611",0.115385009345816,0.320415212516342,0.00907802188390505,-1.28970606959864,-1.38788590335217
"612",-0.146225489517962,0.355441468685752,1.11711883463296,-1.44618323496555,-1.63209371788206
"613",0.499400827393807,0.26167911442157,0.0700958276202059,-0.206948123608816,-2.26213293568408
"614",-0.179829736246336,-0.249780010881298,-0.328944442248321,-1.56837118058645,-2.1397892352419
"615",-0.466849242850566,-0.887169175953844,0.0798053259222741,1.94535418038512,-2.17163150907808
"616",-0.189968275664181,0.324944809858773,0.331234516345726,0.719854000688122,1.06708321626723
"617",-0.253699346416624,0.457426118741192,0.0565854555801256,-0.0235456575321016,-1.03433259112755
"618",-0.120946345977264,-0.260013450673794,0.449517545512013,-0.625288981518913,-0.332938610880943
"619",-0.0348316416614685,-0.0860758790748362,0.741609767664597,0.743796771172263,0.223026552197154
"620",0.525099242408636,-1.11510027341241,-1.01592901433287,1.25187936884359,0.969617496687469
"621",0.162456472568485,1.15647911359367,0.291801918775468,1.5486133901255,2.51853437253245
"622",0.200558445136669,-0.517252856885819,-1.02623060832298,0.0949391060894338,-14.8406862654522
"623",-0.271512310974887,0.55698065877549,0.289380574527888,0.326384114992776,0.780503967962772
"624",0.385047960733626,0.735260707202586,-0.63824446559821,-0.348304473102602,-0.412642066406121
"625",0.114671564317771,-1.01782462395482,0.132866984298481,-0.71857153026769,-2.26404831543465
"626",-0.0836733092566759,0.129306119396055,0.367757242225751,-3.42310457899902,-0.407868440107895
"627",0.232541246346389,-0.372498070421348,-1.55312871922503,-2.01288656342381,0.660963356253349
"628",-0.0274397250627694,1.09362208106124,-1.16727578001709,-3.15416977968409,1.05649370596693
"629",-0.618689766996722,-1.36455021204738,0.512608161051955,-2.05038678017883,-0.279181910307182
"630",0.0320531426984777,-0.889627462537431,1.49859848563452,0.650235435943207,-2.40243220887211
"631",-0.27105302900572,0.177096051735661,-0.175717331125289,0.613036594189198,-3.56567138176538
"632",0.194820713830396,0.853369166262796,-0.0205405092587627,-0.123987144253789,0.206393155995303
"633",-0.549046315695129,-0.946957668351982,1.24591797821014,0.806896337597984,1.57824464350109
"634",-0.307210447767055,-0.921058350715799,-0.231688499878625,1.30386501944005,-0.415658529573738
"635",0.0470246336374827,-0.344537871607864,0.196490528413309,-0.542874048946214,-3.09351163303025
"636",-0.278539213794151,0.628620925784943,0.96756473092501,-0.015313107289868,0.418478906003687
"637",0.539804218903348,0.024359524028854,-1.38520747523499,-1.06083377158749,-1.54204186685202
"638",-0.240170103954852,-0.625841113708911,-0.446440704767202,-1.01470283008646,-3.79479706248128
"639",-0.157048828854453,0.579979443921081,-0.584346004759035,-0.469796148978716,-5.19472813774601
"640",-0.0718195915921245,0.321808782797372,0.818712518761661,0.169755996239761,1.40072046363157
"641",-0.163191883247814,1.68189933185256,0.156544122865518,0.486902095273868,-3.52407280647889
"642",0.18391631396828,0.437590183724529,-0.422987751005107,-1.17880308415383,-1.7275616936912
"643",1.12073256401813,-0.897437019302868,-1.81457600443867,0.505919422855323,-0.0548275556240991
"644",-0.315053320211147,-0.234693637722721,1.61895476801749,1.29747195367753,-0.513542474253331
"645",-0.340562194461467,1.36609014769143,0.880662389156332,-1.21271790276489,0.354955510924595
"646",0.143606381791726,0.327238373965159,-0.776654772413307,0.745763845512782,0.0839811558586963
"647",-0.109193107420062,-0.854269301405837,-0.316658153081201,1.23364961282579,-1.95489249260935
"648",0.408833128133902,0.262891949926409,-2.08423788361513,1.70962756474749,1.95428204343523
"649",-0.531282185908375,-1.48240595335184,0.631729190572562,-0.479114152051774,-0.46373973909063
"650",0.130109534380467,0.703686191064007,0.115261068501217,0.654326639652444,-3.41970310898573
"651",0.128098208383801,0.465028613189543,1.68648030295105,-0.198544652411713,1.3739989192864
"652",0.461458886983725,0.787403701696005,0.679809171884044,-0.771689820801908,0.53697203729107
"653",-0.0919173225411372,1.38816198119207,-0.979117898489142,-0.496321312556585,0.79727409414536
"654",0.0516455833664019,0.699824405389194,-0.769203122485154,0.294550167391498,2.44699788892262
"655",-0.287209171473644,-2.51853559146327,0.632338849366189,0.370393183241927,-0.414187095990628
"656",-0.0833735416178729,0.15274294426628,0.166416783366647,-1.05129522503426,-0.405229012326492
"657",0.0688381227347631,0.217704673804906,0.966090887517841,1.38423294958334,-0.00170175642864967
"658",0.355332065290999,2.22031349461749,-1.19498281240323,0.218669854099128,0.226505560683638
"659",0.527884473440458,0.146886256635455,-3.01792289611432,-1.07696982461613,0.603114793291504
"660",0.160164604378715,-0.530962664134505,1.08396978993432,-0.823295248952493,1.37902030360681
"661",-0.245306394628202,-0.117011498037423,-0.630722857618466,-1.06306668482549,-0.761557404309499
"662",0.00441737096530481,0.823543528082426,-0.101838641569336,1.11197731368462,-0.513436226190132
"663",0.136442636567745,-0.302545176350613,-1.66123535192205,0.0116229561894557,-6.98982207824515
"664",0.048465872325626,-0.610024061448275,0.924311882444067,-0.620699548838916,-3.38682063075092
"665",-0.343734821936623,-1.76925349233913,-0.928675081435916,0.742936276633268,0.799481351267141
"666",-0.300797140071505,-0.2905277005799,-1.73314284491205,0.970191354695547,1.75781572205364
"667",-0.205747280079331,0.423557810425306,0.448285879988604,-0.747608291557018,3.21856933821474
"668",0.52105968760717,-0.748910356996973,0.857818953076537,0.706291938993065,0.269043448882834
"669",0.0848251632483508,0.0373746348435239,-0.32739304808757,-0.207664132797374,-1.62487003011753
"670",0.0819807336819028,-0.745973067790592,1.06389584138407,-1.67186257558487,2.77340665552351
"671",-0.264352946172657,0.747029337669497,-0.690700139582641,1.01934294247243,-0.194928750979254
"672",0.300751172237107,0.424135719834081,0.13723170183547,1.7333353255793,-3.44422219814471
"673",-0.175395651409872,0.48650401443903,0.0881439228600006,-0.38525691860146,-1.6194054421437
"674",0.0430261178714929,0.0544666069045964,0.241252841831867,-1.31254847070529,-2.39298855605705
"675",0.300594390032945,-1.20376646810735,-1.14042752920715,0.879444064636705,1.37177376877123
"676",-0.728247842676911,-0.424225962762096,-0.637586707545714,1.11224234587714,-1.1763576832352
"677",-0.30432943986989,0.226464214514044,1.45985172040759,1.69557457442584,-2.53415419476981
"678",-0.0622102031962757,0.667665274251891,-0.0642823273874626,0.150747140363904,-4.37399317059099
"679",-0.0652643551772636,-0.400787480402897,0.149484443832113,0.832626213619121,-0.716441305544874
"680",0.898106435353195,-0.91794313365791,0.756293235942366,0.890500697047705,-2.08620825893071
"681",0.246559615517446,0.197096092237673,-1.6427053540722,4.1044281441232,6.23071843664543
"682",-0.583396845763603,1.46375321923915,0.437892789228092,0.81234144691998,0.488762586669323
"683",0.247563695016384,-1.16077913629654,1.6490254435849,-1.24002895880788,-1.63238398488271
"684",0.0249449396164551,-0.813036607103398,0.235745982844297,-0.0325752471743046,0.286535497650807
"685",-0.111923187704351,-0.0463858074138142,-0.131881930588867,-1.75483221934743,-2.63434243560046
"686",0.0840227852245653,-0.263552980069627,-1.84424770542831,-1.2927657290096,-2.04927686673815
"687",-0.229626963849022,1.6892746554495,0.173192051712111,-0.488778712123696,-2.96693262575029
"688",0.127592888190128,0.72982826833962,0.268408822523861,-0.529214672321467,-3.9897531227856
"689",-0.502129847930186,-0.0626373325065306,-0.263325186523155,-0.788770153457906,-6.04316551640961
"690",-0.101857847322074,0.86814057019893,0.0649886497894732,0.635909893115347,-0.479949219942146
"691",-0.229412939900325,-0.0325515125883193,0.808829885891166,-0.855287958887147,-1.82093512451967
"692",1.05683625220161,-1.44406271482714,-0.628191803699129,1.25104025564158,-1.69345077851475
"693",0.150036490540139,-0.09472891955729,0.175771669606147,0.603913837262955,-0.228965217344315
"694",-0.0744301498890978,0.0525853258325567,-0.126560271260324,-0.925277410586584,-0.753689257552683
"695",-0.00401446656633841,0.143808690340399,0.748508422656895,0.242244274765679,-0.938009481496042
"696",0.115630012696856,-0.342795541659021,0.516684119299438,1.44142363279916,-0.383827129407028
"697",0.0918648175156906,-0.170291571751042,-0.0824442012611604,0.190588968414427,-0.492487151303225
"698",0.301584312373866,-0.462671552367266,1.05734253580673,1.14820238588329,-0.229718816913435
"699",0.358196177835062,0.0604665003504883,-0.251510347436892,-0.110789641802801,-7.51918573450442
"700",0.0288256645517817,0.0439728940600963,-0.882106515800171,0.700003236148819,-0.564816701464275
"701",-0.279836933746355,-0.309230158083903,-0.542269813295213,1.23446804626547,-1.23602094933834
"702",0.266708666257042,0.687552959543534,2.00899511227533,0.956507336996531,0.944648890089332
"703",0.201824788829809,0.431736453483835,0.0677155923434939,-0.266714502180812,0.679478523434473
"704",0.708549992246066,0.637045630359783,-0.315157709939198,-0.174975053948868,4.05161290438282
"705",-0.401349898303616,0.668671894571149,-0.343632374034198,0.464799508334932,-3.09881967794996
"706",0.0491524108377506,-0.318009309655156,-2.20579288896912,-1.16865481709107,-2.32167368435956
"707",0.120994864092067,-0.705100242405769,-0.245592229841657,0.734116766250976,1.46925255734115
"708",0.201033610602787,0.216144348494175,-1.20382182956811,-0.388107121847137,0.139279123093182
"709",0.53156203943217,0.238999201912532,0.637825904886908,-1.00950325311107,-0.578086195854555
"710",-0.0654646323558432,-0.0837578237259939,1.30838745198205,0.920511135214805,0.387614513646108
"711",-0.0845070017125875,0.572395167461116,0.774417189091179,1.26488829009252,0.514231335572629
"712",0.236098696185336,0.617797748250434,-0.77178509388569,0.288967021776021,-0.440263152574368
"713",0.0107014358697318,-0.68134394109019,-0.675583377701582,0.551213757157853,3.32568133587745
"714",-0.264556678909334,0.124101152887829,0.298514769157675,1.21470015054502,-0.0698490566030066
"715",-0.0494827965534506,-1.31822470028729,-0.769442439125099,0.233396249155918,-1.22137730415152
"716",-0.196044946879395,-0.283160333041669,-0.850953813621396,-0.201775966212731,-3.30849741522454
"717",0.175232668905484,-0.791450553356483,-0.0626836072503107,0.144917736254226,0.398742857009468
"718",0.173378992316739,-0.75985728505913,-0.220937709147422,-1.85965355250625,3.72997847040676
"719",0.27987344959087,-0.942188847313827,1.01296251997004,-1.94695419647632,-2.43612221555292
"720",-0.00777734900816518,-0.298336015323831,0.528788193635484,-0.242878072916863,-0.518865234313213
"721",-0.382437126716758,-0.711911408012761,-0.414053892093367,1.50785737385831,-1.11776018737277
"722",-0.0546156214579865,-0.471518662442267,-0.0476828798215361,0.284710358973433,-1.44200706254576
"723",0.0145332103025103,-0.405070918821643,-0.968525851678344,-0.130838264968686,-3.59204382622705
"724",-0.33119045919488,0.665217311951938,2.07102668153983,-1.67795600439836,-0.0569724969944558
"725",0.114033959764386,-0.0988688438770451,1.84380951253701,0.928584751484581,-4.6677548149705
"726",-0.147225372043812,1.19886886378569,0.625362242617414,0.419488600653222,-0.270342289909665
"727",-0.0768095221221574,-1.31887356892935,2.40766748298153,0.309855057679378,-1.92150156921096
"728",-0.1570196996707,0.892684798765086,0.158081200498943,0.521665812059862,0.608610987607536
"729",-0.283985221586525,0.506605981161588,0.0639289744105838,-0.855272067399231,-0.147271665112658
"730",0.403036595831309,-0.143904509203606,-0.695205965677944,-0.0175125946318213,-1.57507668206476
"731",-0.280379826550804,0.152374559485872,-0.121042943344649,-0.0835253324790861,-0.430875831819342
"732",0.538507095965992,-0.749674849107103,0.831677170541396,-0.137394769220024,-1.52981790344104
"733",0.2122622876799,1.65088245462157,0.579710565336862,-0.929107408168707,1.19596169818299
"734",-0.135024943921728,1.09788988582614,0.135821153874793,1.40901179436263,0.835552089845154
"735",-0.068408605971547,-0.412907117384999,-1.31917343852884,-0.923150042131309,0.983730894723933
"736",0.206468748187063,-0.268394027903626,-1.32989595488179,-0.0335191092476013,-2.74595487781698
"737",0.170039127310699,0.134371287849441,-1.82752452471787,-0.774340984761599,1.86609481385426
"738",0.0448193165303331,-0.763085414964998,0.387025138126187,-0.695220528118339,-2.35408509097865
"739",0.173841163756892,0.0846902397029188,-0.34774696613871,-0.116564096191606,0.0605627249279411
"740",-0.356549808560793,-0.147047282639602,-0.56941739715062,1.69499351427406,-1.42315500580485
"741",0.505791429587364,0.611765803506113,-0.199739220105521,0.969931936325251,-1.68837668800349
"742",0.0439174133262409,1.13622619401461,0.0607015215813047,0.297501960439376,-0.627074506600806
"743",0.0814051864695896,-0.298131420426624,-1.33507521578497,-0.202918716635531,-2.93522984794573
"744",0.792510922074042,-0.962905780770247,-0.614244793680199,0.259352118202151,1.23916955362293
"745",0.271193893473527,0.505463590669371,-0.818429661774965,-2.13949377573068,1.33847768701256
"746",0.557229975196884,-0.560998719032154,-1.22198604930051,-1.74048325572399,-0.510896595291746
"747",0.538388205721331,0.409266059631621,-2.02107452053742,-1.49932915267025,-0.115807734853672
"748",0.0245150707471807,-0.477174484784816,-1.38533686009928,-0.701403468451833,-3.23088257907303
"749",-0.163143984332729,1.82390151618987,0.104658848835333,-0.23656825242516,-1.33758003646389
"750",0.0804877463043731,-0.436943779690068,0.596561826722743,0.553488549438326,-3.75239877311997
"751",-0.202401275946769,-0.441922038023388,1.10404583340016,-1.21252468123325,0.770715683562458
"752",0.0605319743901546,0.065646600451013,1.10292723530851,-0.56184254388962,2.07968294080144
"753",-0.118174105813966,0.605328777152338,-0.323754685497636,-0.508184708295131,1.24654586329484
"754",-0.261921213564029,0.183966460972019,-0.391972513757108,-0.585738487618681,-1.50424690968312
"755",0.266693993358769,0.720740843197595,0.220476988500747,1.50043664076909,1.80322307148645
"756",-0.396189140787599,0.735426684469846,-0.739962186986926,-0.924110930175511,-1.35637209609684
"757",0.135146452620728,1.0577027914984,-0.183079074575172,1.69781675712473,-2.27116401163107
"758",0.0742656896885378,-0.0411695793343585,-0.130103918593216,0.464322596264509,1.10802513023215
"759",0.233882724725057,0.175216227386693,-0.6033919862471,0.326177503796405,-2.21074425855943
"760",-0.324624678699983,0.548426476977183,-0.0895953791769812,-0.39186786665776,-1.50226235206298
"761",0.219015090551384,0.0290973451098548,-0.0991985359668726,-1.58783794339088,-4.17520372373072
"762",0.0915686302521832,0.416022962106628,-0.457367168662111,0.378598910251501,-1.9552530932261
"763",0.282521371277881,0.124631285927492,-2.77456692220764,0.448671175625755,-2.75384202091288
"764",-0.0455524404792282,-0.563433864374682,-0.330452981245496,-0.91861453038224,-0.989464801856958
"765",0.141721725054725,0.590657257435241,-0.884602751520686,-0.598592810729101,2.11752567964879
"766",-0.0460442947277719,0.392504913115281,0.393146126726611,-2.2584691254407,1.14009935535305
"767",0.479412048341062,-0.0928698341986942,0.245851293157338,0.784386664173082,1.55424862963842
"768",0.016431418184929,0.21333108860665,0.785577138497723,-0.926153124308633,0.2545153023196
"769",-0.0351321409368113,0.175372734437886,0.272925576832252,0.170269491116737,-0.800392178980617
"770",0.238066630281194,0.306651364015311,0.284944854366473,-0.797923282728188,-0.275049369055553
"771",0.0355076469780409,-0.0399353824411963,-1.74333549834872,0.912596107395745,-3.35553112966569
"772",0.105285149338668,0.879868574404226,0.668887885809776,-0.951693623899645,3.18045401971941
"773",0.194772040031323,0.364836059328007,1.46444588111003,0.892976283518594,3.05227092258531
"774",0.30603113435296,-0.316265521970469,0.235936581670838,-1.38777478765185,-0.39526078327376
"775",0.359114471239032,0.809811490590336,0.294102788134147,-0.89699981902791,0.108248772508654
"776",-0.184986502934831,0.233793850123561,0.484526100384758,1.11993568868694,-0.036696042673553
"777",0.727311991443257,-0.651873254567046,0.579726118825172,-0.767518517803485,1.51194365640385
"778",-0.0478807466276572,-0.258651988378134,-0.646091275623103,0.162925018087664,0.808911958646552
"779",-0.682017506113357,0.295147424378564,-1.03695688415942,0.381912506334397,-3.2484362815946
"780",-0.516947920163078,-0.224861632629278,-0.508731534947846,-1.87809539249281,-1.02636491733213
"781",-0.228654023884631,-0.352172885473735,-0.926473143093687,0.22754470247117,0.688882837139091
"782",-0.535394952957382,-0.133257243163116,0.780651344361281,0.829852325796123,-3.04509214462068
"783",0.156435430324154,1.0227947861974,0.133688343692326,0.14302488563434,-0.473277697041309
"784",0.142587634163458,-0.720446703631092,-2.15592916955366,-1.6662532674022,-3.30411578812287
"785",-0.204599141672395,-0.734330328467761,-0.413025108529107,1.75986563381467,-1.40096540115963
"786",0.0106787905209803,-0.210676374226916,-0.424412660389296,0.225015077841956,0.878306645041712
"787",-0.232252336633417,0.0250996891205829,-0.0983484798449392,-0.140639160561013,1.4099479789643
"788",-0.546473368903427,-0.53316485109122,0.0623790111306831,0.714323846714774,0.0989433685342812
"789",-0.246579860472971,-0.670109456181951,1.53535352806331,-0.110500470920638,-0.942438005868565
"790",0.0246841019248702,-0.14708549562555,-0.0948863127457418,0.461661635206952,-0.342185260814824
"791",-0.37868838046752,-0.399676297585317,0.472146707989717,0.660908748264771,-2.76088806522632
"792",0.0127197337711347,1.90532133167496,-0.268959648688961,0.0380755622724659,-0.239226697980359
"793",-0.414259129074258,0.0162710993702209,0.76024863074545,0.539256701329855,1.80196360142842
"794",-0.262218582812596,0.395664225040475,0.107748744961085,-0.837959950135347,-1.2122236944901
"795",0.294244237066353,0.464840333561863,0.432576717770079,0.0117548140611108,0.147822097394258
"796",0.251668762867776,-0.90518126820149,0.514527859862817,-1.07226746687716,0.0885925028551352
"797",-0.392597690192372,0.0124008294498893,0.125006855268749,0.0517102758863828,1.09680068707868
"798",0.138463571522295,-0.239919848451172,0.666324259829334,0.496135488265071,-1.86880284657826
"799",0.312526424389818,0.596264539091731,1.20605770476285,1.61991168656478,1.19796100306225
"800",0.347034254267327,-0.671904111763234,-0.422361937694312,-0.553934038954387,-0.196915189576818
"801",0.497147232336495,0.44062248942471,-0.0162515446121916,-0.0331092863181925,-1.57730909358123
"802",-0.12766475983193,-0.11774231009987,0.279251990936525,-2.32287627624216,-2.67106854008504
"803",0.124366184235928,1.06138654352659,1.25568679729774,0.130107843753219,-2.21418596575847
"804",-0.0862996368128561,0.222441625824645,-0.490892060779736,-0.481261943699712,-2.39187897266895
"805",0.158143682877053,-0.567557865110409,-0.348797441502084,0.535751094937188,1.19685115003579
"806",0.340077186871082,0.0328890255726653,-0.40873994342105,0.0848415944544224,-0.690069837258978
"807",-0.0133946114629409,0.109419824651224,-1.08541523191631,-0.713355577772714,-1.52612160257929
"808",0.254357395307939,-0.21772841922088,-0.165205575311848,-1.32588863396727,-2.49793487363362
"809",0.4202433631401,0.91461550419316,-2.42898857801006,-0.902609635553933,1.45538257657934
"810",-0.296652015575883,0.0801644536998444,0.19403250458929,-0.706360016581547,-10.5010998460805
"811",-0.684517378246212,0.0256711064923782,0.0406588789734963,0.214682944314446,-1.23594839470612
"812",0.162011257346679,0.20747463249489,-1.52556003299311,-0.729995018763707,3.10235354783085
"813",-0.188350353235804,1.53329130520876,1.42159703610143,-1.6792618448739,0.539004349794685
"814",-0.00830537780284124,-0.845167824840745,-0.328162584050451,-1.07675896956469,0.937186248560015
"815",-0.132299330414024,-0.253854107704908,-0.110585685615208,-1.17368883484568,-0.880182568228174
"816",-0.323827308688023,-0.239761059759323,1.48242596416233,0.105967106012288,-1.70496177210366
"817",-0.269811922964717,-0.564629180338586,-1.64452158060805,0.0473146691919261,3.64139181120132
"818",-0.19065525977574,-1.60347003068092,-0.261213347447515,1.79212271245845,1.59160257765346
"819",0.164785176958715,0.132535305884825,-0.0871791918457869,0.254015850079737,3.6924744448497
"820",-0.128123310043982,0.088206779902212,0.699332045800869,0.642228184858825,0.441301528569648
"821",0.288083711661234,0.594594647256028,-0.223581673514001,-0.454122035126758,-4.13985630836947
"822",0.077318296812114,0.00523882728555169,-0.21982995917121,0.00988040540551449,0.226981763336195
"823",0.457885643264199,0.509123070830003,-1.55475714464255,-1.1216898004546,0.157035819122203
"824",-0.178401686098003,0.288918710044612,1.4284876483023,0.983356430889906,0.214119613699245
"825",-0.636637143884275,0.110950063723885,0.242079232707176,-0.229489601324717,4.28215593303629
"826",-0.391773515771434,-0.627289393286419,-0.363084024019711,0.183516282839844,-0.318440766795125
"827",0.341829760603236,-0.489489483402536,-0.791721447633354,-0.499616523972616,1.76591788882828
"828",0.0571849713386833,-0.499614336203924,-0.800463343457818,-1.60368259586086,1.66315524487441
"829",-0.150575935886756,0.456891829167091,0.770372490826684,0.164264485764428,-0.286663347929556
"830",0.58852401321267,-0.268930078097241,-0.794801210026246,-0.421141560074374,9.27095043378626
"831",-0.617144601722569,-0.727917953446315,-0.824079376747005,-0.0277547425835893,0.87470297544362
"832",-0.104858804537116,0.024645183080018,-0.920277693426003,-0.383457790558877,-2.8768140719652
"833",0.116784492077535,1.29913022180696,-0.12393073060875,-0.480707158043609,0.364554234858868
"834",-0.242558919893258,-0.375084142683074,-0.912032404374108,0.394827445726974,-1.49196217694503
"835",0.0994046993380673,0.251894724102752,0.591902309867377,0.0719357541359614,2.91643827277806
"836",-0.124580735911622,0.159654762348619,0.062154648674474,-0.144954556201071,-2.31803663049065
"837",-0.385290053210389,-0.97436851787765,-0.364310453030447,1.05378678345858,0.612737264726284
"838",0.502100386386869,-0.819410476927558,-1.27209034042762,-0.479967390345252,-0.504205394461273
"839",-0.252575919820233,0.51169181542379,0.112523176686149,1.11889133854373,-0.46170427497165
"840",0.713312230365023,0.0179478881767444,-0.162222141774677,1.36409931550132,-0.758118856624372
"841",0.363841372984548,-0.226977339791644,1.4754437387637,-0.330546361130878,3.39981504817464
"842",0.0278254905379401,-0.430900488376459,1.79000610742696,0.669752263885511,-0.208191523217859
"843",0.291744099143981,0.42253845681604,-0.413839787191929,-0.197775661623023,-0.753516541648233
"844",-0.23551664947786,0.166580604706382,-1.67302494438239,-0.12519799695407,-0.487738408615257
"845",0.132460640000391,0.290003257636899,-2.00725751454645,0.329578953075021,-0.119519541137128
"846",0.572533228882476,0.0046360300281566,0.0105858350873085,-0.92725265830884,-0.202715799796563
"847",0.532590995142991,-0.277367631346966,0.664304478954766,-3.02596307423652,1.49941582262495
"848",0.0535596205496673,-0.236314558790031,1.86618000430413,0.962355560047818,-1.68422003312987
"849",-0.228732257348415,-0.242466732694381,0.226659328048567,-1.99166881460794,1.19053499920886
"850",-0.362610619407197,0.428553685098983,2.59883528460762,0.0704948966340717,-1.50938327611991
"851",-0.365155725663437,0.992720995485665,0.342622596818451,-0.579848979536507,-0.551226414371688
"852",-0.17638517444825,0.63826921204144,0.142775692899744,-0.321777237324104,1.13527336812583
"853",-0.463774802725284,0.459371205159573,-0.676300915663216,-0.444990071543064,3.37610695668043
"854",-0.0929271060466743,-0.524817028693329,0.958806602457672,0.917090448089823,2.42586936651469
"855",-0.340220977656541,-0.00915163098128002,0.783526910730131,-0.809392747964515,1.01008685326688
"856",-0.279213235374199,0.353074360291127,-0.140871730105602,-1.35942139126881,-3.51912993987687
"857",-0.219014163778275,0.209096470444951,0.0777722849371562,-0.106951906134707,-2.32970020174584
"858",0.200953472919274,-0.314960372235125,0.496529814329833,-0.430279814664871,-0.981039325143574
"859",0.331613747214551,0.715227077665652,-0.188358479429125,1.63986069277131,-2.14370279490563
"860",0.287970976358779,-0.191552947032239,-1.35350646510845,-0.623973081072869,0.122109845363304
"861",0.168292519424508,-0.353530101231673,-0.0200480812334476,0.315844553316489,1.27641467558023
"862",-0.0550203003038308,-0.438905361243165,-0.684614515870875,-0.73282826490637,0.216857131130903
"863",0.0669059604933411,0.32891648488869,-0.958201554176138,0.367343531714523,0.733840091716202
"864",-0.0920726742955056,0.114685722636436,0.101239322204011,0.924236171563064,0.244306143165499
"865",-0.0755322073914153,0.12778640444,-1.05411879391085,-0.322787673868945,-0.792557492412874
"866",-0.0817880805247113,-0.817597335416753,0.451629492136136,0.088483060062425,2.14952947064467
"867",-0.120606325702344,0.366192215057252,-0.948474408330312,-0.137097795318506,-2.16565620633207
"868",0.0555195297273063,0.357113105196984,0.864549055469146,-0.801805851848141,1.177370763703
"869",-0.432924563305862,-0.0596143481264519,0.693537176058168,-0.674001576699983,0.480030093397602
"870",0.217892413955283,-0.291369309808558,1.20371528487575,-0.983785602662937,2.74968684942615
"871",-0.496484574244221,0.655365182379247,-0.432798082557625,-0.499448771067719,1.16727940388224
"872",-0.0417000870231998,-0.220554823137351,-0.468935320932014,-0.896324706116452,0.739713037208484
"873",-0.171477181918838,-1.24454086345977,0.866704252874128,-0.22693523270484,-2.70319860888053
"874",0.533110010490286,0.892373721148594,2.93403231309773,-0.0363971877901113,0.849220279895359
"875",-0.0671262190578792,0.210911083128163,-0.694649584039058,0.0880056043965444,2.78517477649403
"876",0.123153025698519,-0.316563568803739,0.767642303351522,-0.329883051369076,-1.1782102418014
"877",0.572562427724143,0.353775078807332,0.544388906457821,1.22741350778105,3.54341513550181
"878",0.0773334081281521,0.455362448021436,1.47466464298557,-0.357236193652228,-0.894576097309562
"879",-0.276583962326366,0.429327843795105,0.908638177382094,0.594126392058375,1.13373553885217
"880",-0.816066372263082,0.172464951176688,0.322634778204855,-0.0902396493243514,-1.47028657742126
"881",-0.175373174895622,0.0858883025279878,1.45819849091055,0.368820226675386,1.90552782575158
"882",-0.376096044731256,-1.28475107620925,-1.89900313982517,-0.443996383845777,0.840506850002379
"883",0.458565397795267,0.363805980606843,0.0984550240073808,-0.34670325342123,-0.920696911152622
"884",-0.13438188807718,-0.324218541786044,-0.67109798243358,-0.277548016836481,2.07657128702513
"885",-0.59888803290649,-1.21856495555224,-1.30611236908803,-0.963818189526937,0.679680924910716
"886",0.222671720429417,-0.570449856961496,0.147393426286564,-0.55418755866941,4.24037291216277
"887",-0.1805578483099,0.180039492616635,0.542032070518498,0.529029189717988,0.258330823629903
"888",-0.280440681733104,-1.21088401759072,0.620286236376475,0.0718538805005894,-2.38156838953001
"889",0.185769296638139,-1.12925687563204,-2.26026102512513,-0.371870559592538,-1.7592798990868
"890",0.217812856015412,0.653717895941123,0.327077379412906,0.353024176225534,-1.97933515830662
"891",-0.356627931536479,-0.818119365138204,-0.817365388564436,-0.438009531061072,1.45019462158692
"892",0.00744782315944648,-0.105458858105164,0.842932291950715,1.06602917966538,0.149652695568297
"893",0.471242591676365,-0.390311801571458,-0.164618219426507,0.458855768966626,1.52159041713778
"894",0.390760827303222,0.0690547077327577,-0.874171895763398,-1.20908235602948,1.97547636866917
"895",-0.0396320599427655,1.0113317458759,-2.11549299147639,0.62830586419573,1.33847814340755
"896",0.168959131744272,-0.453944739393937,0.698918855626757,-0.0366384919189362,2.48602505800709
"897",0.252553651937551,0.713382584308985,0.276820297421168,-1.60659763904794,1.53669967956859
"898",0.17930222897544,0.407249546214039,0.543885249938565,1.61001627069434,0.00721704877877372
"899",-0.378546617739875,-0.465928116165488,1.21462121487557,-0.618729236537215,-1.70457995540088
"900",0.0894995810922289,-1.6025458452458,-1.11522501097194,-0.763310168987279,2.43631384185284
"901",0.0382601448734334,-0.293300990051732,0.2679942383431,0.992312190201625,-0.214847300821247
"902",-0.50345025446565,-1.09829809439793,-1.0425039560574,-0.400770490942442,-0.134100014995267
"903",-0.273132877362605,-1.23428320559369,-1.53373501761236,-0.282360467212872,-5.87925610480488
"904",-0.18879827978228,0.192446086554374,-0.243278089242142,0.025753510802574,0.365604244891676
"905",-0.278238724154344,0.398770178755461,-1.30533766337132,0.922205669992471,1.59988152860112
"906",0.365647836922274,0.709696150394785,1.44441462275761,-0.868762464495904,-2.09231141494611
"907",-0.129496692360855,0.76893912195087,-0.821682636853176,1.0400635235181,-0.918971436206868
"908",-0.0555382706576595,0.681523831146324,-0.404204597762378,0.444147745476003,0.978156858903094
"909",-0.216713818480271,0.659662893852064,-0.999558690060793,0.684071546214587,1.43458668867094
"910",0.153694639348209,0.931096618463249,-1.15338509346558,-0.428590807230479,0.0239048557876725
"911",0.694008723402959,0.883517624034569,-0.712763414666958,0.615082953328886,-2.99110275869258
"912",0.274993217523224,0.284284884193536,0.386782137911093,0.680763781599064,-0.0912929204329904
"913",-0.282187843937618,-0.536236628676252,-1.0282004428875,-2.12258251041682,1.02538700944849
"914",0.244386438212832,-0.0861118990497463,-0.618448752538664,1.66445206805846,3.67497940600773
"915",0.0732377643827745,-0.47731035387521,1.64422710955086,-0.48404295523083,-3.77772065996222
"916",-0.224028655675516,-0.506826360062436,-0.799919605523444,0.616449646825864,-2.00134013911953
"917",0.433623482280899,0.291599824607059,-1.44073984123531,1.51945122884379,0.991501760110588
"918",0.952004535812507,-1.20671239793621,-1.07100678521771,-1.59860465346797,-0.407881510722269
"919",-0.304210236498711,1.17664302729793,-0.230300749487488,0.162310443105749,3.67383469733169
"920",-0.271838984561408,0.836596889947691,1.04246713563103,0.0851420245490757,-0.845370317912606
"921",0.221504805705443,0.532975842524896,0.523763604292877,-2.30006486009854,1.62345846171228
"922",0.0722877345807378,0.612030760313152,1.05073577437908,-0.0321701574280944,-1.47994490562464
"923",0.35864788566909,0.944842289160758,-1.31068818092557,0.00263224946495599,-0.48476812936473
"924",0.579017737098043,-0.542897706608227,0.669608906750478,0.571134046073165,-2.29164363121736
"925",-0.280351904659965,-0.910462525406194,0.610818058351759,0.920067317545937,-1.37739012302369
"926",0.501293247362662,0.491845041043751,1.54182432964755,0.363063750464914,0.435741557630258
"927",-0.222303111322053,0.565021634870208,-0.79837614480832,0.917975411092839,2.17905202044102
"928",-0.0745590977841255,0.868751780024079,-0.698225586163299,-1.07467762018965,-0.557969876526504
"929",-0.360126620713717,0.726585270806954,-0.783618857533717,1.26424324125753,0.605460919089794
"930",-0.289873315695179,0.22873451079047,-2.3252250359688,0.368249972545806,0.947349857415525
"931",-0.390902293116969,-0.118863749068832,0.0556303042920638,-0.0287662320207052,-0.128981175836478
"932",0.103415152454743,0.246951239091323,-0.228756469851842,1.01007120181622,0.778084498105336
"933",-0.463693585020414,0.891787477284695,-1.05525114379946,0.723926168415825,2.50628929116153
"934",-0.639823132494491,-0.759919142543476,-1.29567789582267,-1.18705279567568,-0.0745186810224032
"935",-0.443300826528413,-1.11029927331495,0.147984167945553,1.16977543284138,-1.35875665475833
"936",-0.254897272490977,-0.430675307620006,-0.402214844479536,-0.604891176818927,1.36314955857552
"937",0.551099386350013,-0.59660349600977,1.48930354330768,0.355634820604529,1.50527525746347
"938",0.0500043118216139,-1.02201950078694,-0.819331380673582,-1.30130587815705,0.85429475143771
"939",0.380076934169189,0.0256938501194269,1.2437087914635,-0.559355050603501,2.63251896105411
"940",0.359261347772965,-0.67246753295272,-0.339565807132557,-0.523196925357521,-0.96180522910972
"941",-0.536930023428989,-0.939849855905737,0.917061624026059,0.255687282630226,-1.84651390937858
"942",0.131800330280024,0.0494572047436863,1.58214700838833,1.35385819684757,-0.0322295828096437
"943",0.133739388630656,-0.198664470890607,0.428903654713301,-2.19463976406205,-2.16276892080208
"944",-0.30519590376148,-0.485060607962483,-0.249366638521731,0.179305325992754,0.9520053505928
"945",-0.576652303509212,-1.51657991624807,1.45262339827329,-1.5921129825389,-0.770566294165357
"946",0.301871135510023,0.656059485401028,0.0972887802099976,-4.55198785726115,1.66499536636742
"947",0.109969798591373,-0.139641947359563,0.866710963823533,-0.171174500441447,-1.63085697610009
"948",-0.0933478010646858,-0.646371580731432,-0.260108993097776,0.969585632979326,-1.07631675248458
"949",0.134039067108308,-0.526222554342373,0.0274628110039372,0.975608848343014,1.46085340434045
"950",1.04773482019373,0.362314917918483,-0.589132303830414,0.382336113445389,0.747509521044488
"951",-0.179140445013617,-1.22318796593203,0.905414218222007,-0.141642751126063,-0.465557843315746
"952",0.255647781902033,-0.0874362009927607,-1.5956140135758,0.700865284798537,-0.742166451163184
"953",-0.145128487703099,-0.401512968111368,-0.0343854438929954,0.865556098607519,0.496235507265697
"954",0.383272282077793,0.12315325547545,-0.828814675942172,-0.785698626275214,-0.289464664366416
"955",0.592583555795547,-0.116430774120637,-1.68680706966063,-1.57762312894127,-1.49851315435799
"956",0.304914000640707,-0.204303202110812,0.754493973687323,-2.46458914639148,-2.01716877681508
"957",-0.576343605476992,0.0476075337074716,0.889094698269846,-0.147088102751862,-0.445515572953667
"958",-0.743331773534126,-0.585142316597626,-0.740679041858797,-0.807552411667177,-1.03951172562511
"959",-0.0441111216061925,0.0718956088218489,0.0676199486685487,0.347636887957729,-1.49165267891171
"960",-0.103051317496997,-0.964962204033775,0.66532445141413,0.918272999668792,-1.82858274151953
"961",0.590577742743845,0.673417011897731,-0.495166242166698,-1.31372766914877,-0.260662701433386
"962",0.0324269982499013,-0.137888394192804,0.635410007422109,-1.12483432896804,-1.61151284470255
"963",-0.485887599353584,-0.809547616778167,-1.88917034909374,1.80174977927083,0.734600408469434
"964",-0.936665013864275,-0.301642426211454,0.653085473661979,0.452657344315242,-1.93288172317764
"965",-0.0581786721722257,0.560429803732142,0.935550649765244,-2.0507065033881,1.78066323600964
"966",-0.24540983277741,0.00459244966579764,-0.358299217071782,1.42753094463484,1.15171675752572
"967",-0.900032393283687,0.312954680697208,-0.251845710396426,0.0151268814373199,-0.212112975397915
"968",0.468009625438312,0.139373980327811,-1.82837926316273,0.465195558552772,-0.164610056321736
"969",-0.151413027525639,0.669113326495529,0.125837456454981,-0.940822867551746,2.17639825138745
"970",0.167540413639236,1.14999210501421,1.19428052240149,-0.733821098131493,-2.84000515400717
"971",0.213770348403944,0.0779913073019233,0.200216443380561,1.12393018009229,-4.2783974835894
"972",0.0782574390425584,0.926268585944091,0.220390505976092,0.88156742541623,0.345473086718464
"973",0.625132156917614,-0.787307547667901,-0.245456020175884,-0.32698418549514,1.2808008749611
"974",-0.208525458131722,0.60397103260571,0.365245328698261,1.47655053006851,-0.146188101036937
"975",-0.675907415282039,-0.628527798546332,0.128852781493863,-1.03757173279394,-0.517549862891863
"976",0.063033767498076,-0.393831561844942,0.385702179470268,1.72576433553765,3.39036127973119
"977",-0.010958138812702,-0.279566665070524,0.698275163859288,-0.700878084252303,-1.50369137780225
"978",-0.186747441505219,-0.714792606652063,1.77459416947398,0.707784534289462,0.353704050104725
"979",-0.606952114425706,-0.583896330200675,-2.1367569476833,0.284542621595079,-0.212292006544391
"980",-0.137655320490175,-0.448843220579782,-0.209244240830073,2.08511426058997,-1.16951417028076
"981",-0.255909709595781,-0.979518838141015,1.21882110609151,0.226975417745696,-0.193265633889619
"982",-0.511625308215608,1.50755852551002,-0.694001326612687,-0.79060708452422,-0.688481331755068
"983",-0.0519433644663672,0.639647241582108,-0.0489136488400064,-0.929143230555627,-2.80910272183967
"984",-0.0631782969010337,-0.935853917628638,0.064750463106962,0.298299298563282,-1.96246951996396
"985",0.150629597079922,-0.0896982025811766,0.771978181550692,0.368370778511848,3.41684583045335
"986",-0.755399537435316,-0.300344105474712,-1.30585212673539,-2.19696094648385,-0.929652654758806
"987",0.224311411891146,-0.575021676678291,0.514793719755825,1.21043318019395,3.088107416291
"988",-0.218564708174359,0.247044590108292,-0.518650344425819,0.75717987031731,-0.242401817882655
"989",-0.58514620062674,-0.106167202068377,-0.145894526627113,0.999345576388281,0.319615815513349
"990",-0.0892714573270943,-0.269383515659462,-0.433185353454611,1.13649533686072,-2.38145640166618
"991",-0.226434614902791,-0.633874690327901,0.26639508260153,0.523750306683173,-2.25400770751687
"992",1.0531952858143,0.150965179434623,-2.85144561843966,-1.10699049696824,-1.47439408486573
"993",-0.396248306797489,0.359552284121743,-1.65119924771075,-1.08075329579588,2.26175621131674
"994",-0.459889992819404,-0.157724278087086,-0.680031565459133,0.511657292487628,-0.0394367745479636
"995",0.486106472140616,-1.72901036654982,-0.79760030364565,-0.458620242762209,-0.189440863404013
"996",-0.253185765124184,0.730312871302768,1.49695822770826,0.937880040063858,1.20568321130289
"997",-0.31463546196718,0.670876426905005,0.726749711133505,-0.538598882997549,-0.520765353994769
"998",-0.520491060423224,0.329414543436641,-0.6424590140285,0.194471237684631,-0.900938412165334
"999",-0.0993733546996205,0.585925185192479,0.011219777252208,-0.685408986383018,-0.20555651677639
"1000",-0.235625001924532,0.464204051396869,-0.275397644746172,0.072040859684004,2.90042275765668
