"","sd","slope","trsv"
"1",0.97771315729681,-0.760141500059428,0
"2",0.84704792190326,0.257042532933918,0
"3",0.988427552656155,0.232986643151999,0
"4",0.925053652542743,-0.271280531401343,0
"5",1.15406059246654,0.144112692916763,0
"6",1.05090101205444,-0.413821738322649,0
"7",0.961413483466016,-0.412001781889938,0
"8",1.11157544664671,-0.84287771297888,0
"9",1.06527197378331,0.147492871477697,0
"10",0.832157344234971,-0.358665104684694,0
"11",0.761531704923526,-0.847814007095305,0
"12",1.0025456793543,-0.443365962655835,0
"13",1.03309628941954,-1.64794206849632,0
"14",0.769549316417125,-0.0924105708300395,0
"15",0.959896386655456,-0.738284582209817,0
"16",0.914209949959624,-0.80250294806218,0
"17",1.04827474327855,-0.235382363036046,0
"18",0.984139979526285,-0.197221602511865,0
"19",0.919279084650761,0.0319242536765736,0
"20",0.896200691343905,-0.908122592809848,0
"21",0.977979250432974,1.43771967848743,0
"22",1.0281700409672,0.537419216978944,0
"23",1.07544278486827,0.612067178321334,0
"24",0.941551300226086,-0.155042234068842,0
"25",0.976383021607118,-0.106831799745695,0
"26",0.845455960606307,0.379298332335198,0
"27",1.03160808820903,0.0345624150646141,0
"28",1.01931878777869,0.157884866463318,0
"29",1.09201904632722,0.348559063658505,0
"30",0.895831663949534,0.205451277051702,0
"31",0.966024023767121,-1.31650834766405,0
"32",1.15598026032264,0.645807441936387,0
"33",1.03006001260545,0.563514208751177,0
"34",1.2842039478747,-0.16428770612833,0
"35",1.20171498431118,-0.480994682884166,0
"36",1.03720268329392,0.488269035068177,0
"37",0.866947326863108,-1.49597126334876,0
"38",1.09043946909883,-0.672727226466892,0
"39",0.685848085434635,0.44474604482274,0
"40",0.939914359505249,-0.272321425529072,0
"41",0.872429459463748,0.397855045029365,0
"42",0.855441588085177,-0.114451777259203,0
"43",1.0219403291982,-0.979467315455402,0
"44",0.985928470759378,-0.221714744762951,0
"45",1.07960534790955,-0.0961818460750603,0
"46",1.08975860844982,0.0810819240703781,0
"47",1.03216475900017,0.195342287481869,0
"48",0.938715714822972,0.156391729378905,0
"49",0.983181568227867,-0.433638819671779,0
"50",0.930019296555468,0.0146299424191203,0
"51",0.986053795937458,0.75634526696661,0
"52",0.931239116959466,-0.202801079378366,0
"53",1.07357229751701,-0.239661179719045,0
"54",0.889602873254624,-0.520205981867514,0
"55",1.08135407204449,0.136180190899136,0
"56",1.02681409048933,0.542661543540749,0
"57",1.00866702067088,0.456281959359533,0
"58",1.04088491709132,-0.026572536183367,0
"59",1.07121555657694,0.142632762757124,0
"60",0.975805660529784,-0.17419002024213,0
"61",1.0657583540938,0.616951072514392,0
"62",0.780919246423686,0.195162382287563,0
"63",0.984631936078242,-0.17077965082473,0
"64",1.06165934230037,-0.763365566534976,0
"65",0.881236561955821,-0.0705554806284767,0
"66",0.998830942129989,-0.265273177498526,0
"67",0.684180384006846,-0.594244209019556,0
"68",1.06925910794569,-0.100272945046524,0
"69",0.905406035498308,0.481993891576418,0
"70",0.792089014147755,0.690627311729355,0
"71",1.28311847503682,-0.946747319712906,0
"72",0.833350668601019,-0.517740545831984,0
"73",1.14547009776371,1.032086921684,0
"74",0.797389551233555,0.514436667699918,0
"75",1.10679952217901,-0.224565807922022,0
"76",1.0625983054105,0.0774032533696777,0
"77",0.916852243834836,0.495985146854174,0
"78",1.05484972986954,-0.851406377112846,0
"79",1.02369669196096,0.73506110786903,0
"80",1.09225002549295,1.04687608622316,0
"81",0.987672014531632,0.232947665752429,0
"82",1.18613254491111,0.14275768732426,0
"83",1.02843408311104,0.241668305407922,0
"84",0.925915815917945,-0.513070889989949,0
"85",0.958058015084245,-0.641779097338795,0
"86",0.850753197801021,-1.51092179936997,0
"87",0.913212389453603,-1.13369844304377,0
"88",0.927107192065563,-0.0592196209642683,0
"89",1.06422008505492,0.635615119274686,0
"90",0.881243674410201,-0.980403775679484,0
"91",1.03712698499985,-0.806657234921285,0
"92",1.269968879739,-0.135032882138495,0
"93",1.04101295186272,0.28542695259372,0
"94",1.03508335745934,0.628147589852227,0
"95",0.860856856030496,0.939412124853007,0
"96",1.23706786717677,0.187868047020258,0
"97",0.916123283225204,-0.419770389278131,0
"98",0.934275467008145,-0.757982861458662,0
"99",1.16040236150102,-0.472105409983169,0
"100",0.919462691116004,0.00861645841191827,0
"101",1.15421136705122,-0.708616901273733,0
"102",0.8178041566147,-0.377893620726311,0
"103",0.932976757767509,0.558681640448557,0
"104",0.889158319654386,-0.47587864245312,0
"105",1.01912167530395,-0.481589415275488,0
"106",0.84145731337211,-0.460164468581996,0
"107",1.17538644975896,0.410394594905156,0
"108",1.04275943873761,-0.204059735995149,0
"109",1.03040645085523,-0.252951840749464,0
"110",1.16444289399077,0.734978505407952,0
"111",0.994037470779524,0.516095244627072,0
"112",0.848901572335297,0.452937392035721,0
"113",0.851355454198266,0.354057461663896,0
"114",1.23928778380669,0.365350958013209,0
"115",0.901363805657281,0.191793019866063,0
"116",0.924662926943836,-1.84447958362918,0
"117",0.964495952196895,0.545218465077067,0
"118",0.890199421829299,-0.117997872827334,0
"119",0.938240743881573,-0.538558347909741,0
"120",0.996032970936571,0.569765170263767,0
"121",1.01216086798264,-0.264861613252871,0
"122",1.00528616526395,-0.0413016902582328,0
"123",1.06572769614238,0.151845017444111,0
"124",0.945633091079304,-0.700530775167926,0
"125",0.876859751900455,-0.28361329468665,0
"126",1.07489032535732,1.25508017478721,0
"127",1.04244834789773,-0.440414796806645,0
"128",0.940000428070939,0.129133529967762,0
"129",0.890547078863478,-0.128946390162621,0
"130",1.11007081057647,0.378806560884718,0
"131",1.22064721174514,-0.465541029200049,0
"132",1.28410712369077,0.69147300528264,0
"133",0.733654868987524,0.677181784645777,0
"134",0.970994714856231,0.0738695660578789,0
"135",0.897639548274267,-0.115949685813971,0
"136",1.11775625646449,-0.67049297886348,0
"137",1.00186421699517,0.0893634276099482,0
"138",0.870675889583921,-0.716307118567338,0
"139",1.0993151552521,-0.686236327179521,0
"140",1.09138643236935,-0.135274783054864,0
"141",1.10419107152733,0.128919737308218,0
"142",1.06644324343576,-0.364560019956589,0
"143",0.871605625503603,0.127791049757487,0
"144",1.37650752607341,-0.516643858305818,0
"145",1.07491597272649,-0.0206973955428697,0
"146",1.06101977943498,0.289719532096738,0
"147",1.10168831619674,0.438001858151867,0
"148",0.891589840609561,-1.32119172130904,0
"149",1.03306992307606,0.474715526680708,0
"150",1.16731258452975,-0.922208867552432,0
"151",0.980405634503406,1.31736098141418,0
"152",1.00685082132426,-0.624548264112004,0
"153",0.891477298414687,-0.238505920203413,0
"154",0.867834539569137,0.0942972120180483,0
"155",0.915663134954357,-0.0794045757636922,0
"156",1.02427690333803,-0.518507701974447,0
"157",0.966347850623191,0.992199232490281,0
"158",1.05016263743855,0.134370098240958,0
"159",0.966741048052766,0.0738902595679769,0
"160",0.861911988299589,-0.857019187496532,0
"161",1.08273456654367,0.194801179194175,0
"162",0.727704775364116,-0.271174098857373,0
"163",0.972908002203274,-0.589275400702824,0
"164",0.922608292893892,0.671866613827688,0
"165",0.90217628279535,0.884884262322796,0
"166",1.02244295985744,0.00834629786871686,0
"167",0.843941372932844,0.447234007140855,0
"168",1.08802196452534,1.15415137745651,0
"169",0.885888343831975,0.0504745609234229,0
"170",0.771097875289548,-1.19481590516043,0
"171",1.12439047316346,-0.135973797652983,0
"172",1.02869953691501,-0.336111052424122,0
"173",0.838183119116325,-0.286300031805913,0
"174",0.881616415716582,-0.388936786532812,0
"175",1.00797708887237,-0.945661306580872,0
"176",1.01697330486201,1.01957014223361,0
"177",0.920877938098458,-0.707425266935772,0
"178",0.964658353176328,-0.435726455177435,0
"179",0.839896855142608,0.223200302511223,0
"180",0.86671232841214,0.379585661287112,0
"181",0.849526241400642,-0.176821790822681,0
"182",1.01583882692893,0.542588420951051,0
"183",0.854892631465419,-0.252459615940146,0
"184",0.978354814524615,-0.0556898833853101,0
"185",1.09286296780341,-0.37406076766515,0
"186",0.847340765677975,-0.82370553609428,0
"187",0.898791060315872,-0.845073838234117,0
"188",0.893195067961329,0.248983794632803,0
"189",0.9371240678757,0.439371175549607,0
"190",1.0767026957385,-0.210210456155325,0
"191",1.08700645861563,0.0255170452842464,0
"192",1.07842161714658,-0.705245224277384,0
"193",0.934169002871926,1.31659048205132,0
"194",0.954166918226939,-0.364018203645136,0
"195",1.10880962763544,0.484857903491747,0
"196",1.06585186664446,0.017476698720031,0
"197",0.826652134523474,-0.509067006324028,0
"198",0.889747619104507,-0.347429668597389,0
"199",0.906871712420292,-0.827347730928648,0
"200",0.75785600483914,0.332197075665531,0
"201",1.05039214149421,0.706347785476663,0.5
"202",0.92904552553888,0.195317102768912,0.5
"203",1.09290957517979,-0.656186019466609,0.5
"204",0.822365996502254,0.326485920985008,0.5
"205",0.898796329431566,0.810299627164037,0.5
"206",1.02188204803739,0.939737404765731,0.5
"207",1.01644072724773,-0.393032326139383,0.5
"208",0.76774858107311,0.290666460851952,0.5
"209",0.634571847591048,0.538410761429399,0.5
"210",0.873195455758,1.10117335262837,0.5
"211",1.1303273957375,0.123145546521235,0.5
"212",1.06558408824252,0.0278260974458758,0.5
"213",0.956860269867035,1.69178386404641,0.5
"214",0.937979959242866,0.322953485016675,0.5
"215",0.760352826437124,0.695410755784335,0.5
"216",0.982738436419157,0.609617586824773,0.5
"217",0.968216197929509,0.0700949110132822,0.5
"218",0.77526337405488,0.277868785137582,0.5
"219",1.02303355503229,-0.333356166622122,0.5
"220",1.00105654638681,1.12428370421233,0.5
"221",0.772738295047743,0.225699580291264,0.5
"222",1.15868296671268,1.65736425384815,0.5
"223",0.981934376246337,0.548983451991258,0.5
"224",0.904968496765224,1.18819174604584,0.5
"225",1.06457568313581,-0.0229238654869871,0.5
"226",1.07045350815794,0.460255745916609,0.5
"227",1.25184665071407,0.0154136297103664,0.5
"228",1.08417449878304,0.894991790518831,0.5
"229",1.00259898346351,0.393328135438451,0.5
"230",0.85974156099262,-0.051037208151557,0.5
"231",0.862557287376801,0.672043962953566,0.5
"232",1.06604525761552,0.483607706529599,0.5
"233",0.785534915849014,1.2781833973198,0.5
"234",0.997163425352937,-0.582636568380707,0.5
"235",0.928781400975565,0.949087068169117,0.5
"236",0.759712459490485,-0.153820481504357,0.5
"237",0.929430879900219,0.982276325974682,0.5
"238",0.968902665925851,-0.0653650691525785,0.5
"239",0.977161708443724,1.44662510344316,0.5
"240",0.925246359968922,-0.538610273755474,0.5
"241",1.05055982563634,0.548987303253836,0.5
"242",1.0243840735085,0.638432904150617,0.5
"243",0.881239624955411,-0.168878627390237,0.5
"244",1.10557252655518,0.460951662676379,0.5
"245",0.996730456851707,-0.0174808957141671,0.5
"246",0.942149151409544,1.20893989479151,0.5
"247",0.868525201740869,1.06851716832429,0.5
"248",0.740204739878151,0.917164633579284,0.5
"249",0.9810919572612,0.431812447681645,0.5
"250",0.77529390704514,0.15571153706536,0.5
"251",0.945275683519023,0.942581925666436,0.5
"252",1.05380023069808,0.41726699753744,0.5
"253",0.909914641081136,0.815793720869433,0.5
"254",0.946764982491444,1.10445520064504,0.5
"255",0.808067192553482,-0.633025017278213,0.5
"256",0.738560113819862,0.504803892003106,0.5
"257",0.962131181861054,0.308735259839934,0.5
"258",1.03418690101348,-0.131246999929131,0.5
"259",0.980622688821471,0.266036171492441,0.5
"260",0.641415723323463,-0.559751789556296,0.5
"261",1.0234816123119,0.390163397983869,0.5
"262",0.905474179168108,0.0482916643177136,0.5
"263",0.899191535176252,1.28541670218743,0.5
"264",0.993208578239168,0.0752528326192829,0.5
"265",0.878626005033687,-0.736453972381821,0.5
"266",0.824993403072529,0.206338722487807,0.5
"267",0.865520096274775,1.1059115995477,0.5
"268",0.843576345498422,1.1536277629133,0.5
"269",0.966600714228316,1.51418790155266,0.5
"270",0.927796895004076,-0.00656180222973975,0.5
"271",0.752715127790843,1.45837514435678,0.5
"272",0.966598078581721,1.33022545073603,0.5
"273",1.01091465308782,0.904615079009097,0.5
"274",1.07012017023408,-0.218191783662382,0.5
"275",0.994353869517971,1.32010044751975,0.5
"276",0.943249010028096,1.90502079522527,0.5
"277",1.24373142613694,0.632203075267951,0.5
"278",0.783706639146512,0.2291296100438,0.5
"279",0.993941568481659,0.09774856019612,0.5
"280",1.13019511388449,1.8532321030892,0.5
"281",1.09563461754974,1.06363219129235,0.5
"282",0.805276554068435,0.517849839524732,0.5
"283",1.19843690262236,0.621990931069505,0.5
"284",0.94449729209211,-1.01721683024962,0.5
"285",0.970288466232275,0.130938600020374,0.5
"286",1.17273064891201,0.384965259052696,0.5
"287",0.771456888456105,0.679303184795845,0.5
"288",1.21995107034976,0.711258604117549,0.5
"289",0.792026342931848,-0.43279282966817,0.5
"290",1.1784462476099,1.04103108690994,0.5
"291",0.818098770766606,0.624476496131094,0.5
"292",1.09166812776063,1.08154224475896,0.5
"293",0.988677291048802,0.85733893951654,0.5
"294",1.10258766330558,-0.237379343891802,0.5
"295",0.974985857270744,0.157990294038806,0.5
"296",1.0884560519589,-0.51976298016912,0.5
"297",0.771686826873438,0.595743143448164,0.5
"298",1.04624855996296,0.800993396652844,0.5
"299",0.852504681945802,0.967891969776091,0.5
"300",0.97433598701779,1.23609261665921,0.5
"301",1.10928109496748,1.9736822952182,0.5
"302",1.07254198555836,1.13954879010902,0.5
"303",0.879333858783529,0.396755989611882,0.5
"304",0.97102069708415,1.41258520907193,0.5
"305",0.976740519666722,0.828020473701008,0.5
"306",0.800733096169172,0.825385715291236,0.5
"307",1.22359145262313,0.521715190532005,0.5
"308",1.02835314695937,-0.616248322851659,0.5
"309",0.922474885383275,0.655401581779411,0.5
"310",1.09389818213896,1.98486368011299,0.5
"311",0.987046465164185,0.799907277129757,0.5
"312",0.908198928666631,1.15357633871739,0.5
"313",0.880096468150491,0.578326270789487,0.5
"314",0.615716581769278,0.9163323357691,0.5
"315",0.875138133659431,1.09548871480276,0.5
"316",0.928001534086193,0.659807525978051,0.5
"317",0.974910418460667,0.678330301925141,0.5
"318",0.936768632202503,0.254570288968363,0.5
"319",0.918941935375271,1.77740382343195,0.5
"320",1.06573434679845,0.4395071187975,0.5
"321",1.02900642364684,0.723618073312022,0.5
"322",1.16991401390337,-0.446593237208499,0.5
"323",1.01043851207809,-0.183919353611852,0.5
"324",0.832904803028928,1.78985211310197,0.5
"325",1.05880517070347,-0.917212334077703,0.5
"326",1.00336781917045,1.11684540835232,0.5
"327",0.959888249316084,0.29514212507348,0.5
"328",0.996313742094595,1.50251873768465,0.5
"329",0.88261252771289,0.0416717985379527,0.5
"330",0.929872267574265,0.446435111326455,0.5
"331",0.930897954155493,1.24309530858434,0.5
"332",1.061448762941,2.00373297495742,0.5
"333",0.81395063328275,2.03444989331685,0.5
"334",1.20471965113821,1.59210831794029,0.5
"335",0.932676235313223,0.762232604098219,0.5
"336",0.864788488315433,1.06359159706151,0.5
"337",0.955843056158189,1.43736527425798,0.5
"338",0.6378816447181,1.63293891616747,0.5
"339",1.09404623453223,0.222288737235621,0.5
"340",0.738853161224176,0.815388604092938,0.5
"341",1.01127674173041,0.910283125796498,0.5
"342",0.995259331782869,-0.0504601045905318,0.5
"343",1.00200169343876,0.983575669711564,0.5
"344",1.02579180968566,-0.0074158067681565,0.5
"345",0.942209576622845,0.077965830838622,0.5
"346",1.11557800674436,-0.357886903592578,0.5
"347",0.967911569034505,0.517609569895868,0.5
"348",1.02959305278652,-0.374378089369832,0.5
"349",0.888982005099676,1.18328298150246,0.5
"350",0.917387988353313,0.798714037329858,0.5
"351",0.925260216117001,0.25121665059216,0.5
"352",1.02540694019682,0.882763078089651,0.5
"353",0.914913616768875,0.448815710462155,0.5
"354",1.0776929853106,-0.0342814859452797,0.5
"355",0.842976070898386,-0.171665203193825,0.5
"356",0.983183585000318,0.188312693818908,0.5
"357",0.989570018445957,0.287709505511265,0.5
"358",0.943163066165932,2.49601586069748,0.5
"359",0.999382741630602,0.253349710265982,0.5
"360",0.664166821354447,-0.813795172854212,0.5
"361",0.905694365000095,0.883333803263558,0.5
"362",0.872633073999351,0.981371289606086,0.5
"363",1.18118182358476,0.479443513830371,0.5
"364",0.763804811671571,0.458396262868667,0.5
"365",1.00881058235593,0.504285001756843,0.5
"366",0.924510525400063,0.371363947358888,0.5
"367",0.806446267964574,-0.305538678152644,0.5
"368",0.836979499458549,-1.09257442482226,0.5
"369",0.924114868284374,0.445568532766544,0.5
"370",0.95220072033727,0.457854895672183,0.5
"371",1.16347433869081,0.137422229634917,0.5
"372",0.81599596216636,-0.556031609475672,0.5
"373",0.920914685313337,1.0692937196696,0.5
"374",0.976678743408887,0.414168448307783,0.5
"375",1.01580826476208,1.02445999128216,0.5
"376",0.969248168534467,0.509485474978629,0.5
"377",0.944934073288644,-0.344319659312717,0.5
"378",1.22574475947962,1.27814401434695,0.5
"379",0.866918657208552,1.23858074565709,0.5
"380",1.00074904429171,1.01867916551338,0.5
"381",0.93027741602691,0.844139364212052,0.5
"382",1.12220870279138,0.748824495199568,0.5
"383",0.911457761295466,0.297336453965655,0.5
"384",0.887036032690746,0.367667740031352,0.5
"385",0.99212933468707,-0.137090890532195,0.5
"386",0.862317235753515,0.585489114598084,0.5
"387",1.03012236356494,1.10442061521606,0.5
"388",0.898574315900677,-0.000749295454010537,0.5
"389",0.928766329217241,0.818072801187513,0.5
"390",1.08443599215383,0.270506723555631,0.5
"391",0.957117231589639,0.962781000975734,0.5
"392",0.89533780019256,0.495757898041546,0.5
"393",1.03285479952539,0.457499054189273,0.5
"394",1.15815671814118,2.00956864796776,0.5
"395",0.815168034686896,-0.250467926561521,0.5
"396",0.969911400578563,1.08653211616524,0.5
"397",0.883743068241044,0.616841254008455,0.5
"398",0.992146573160255,0.144742543798576,0.5
"399",1.03241593592635,0.0248951393417674,0.5
"400",0.821305933367267,0.0579779212863411,0.5
"401",0.859216058009051,1.38784539320683,1
"402",0.743452327398656,0.0867430587562306,1
"403",1.04744350091371,0.821197955834502,1
"404",1.00268963310988,0.344023428742038,1
"405",1.07109886002086,-0.213515557582145,1
"406",1.08273817537235,1.00870436373489,1
"407",1.06861102590491,0.546895705271037,1
"408",0.863762864394242,0.549023236200469,1
"409",0.954931613806392,0.127217315158104,1
"410",1.23743605709909,1.298885910508,1
"411",0.996803554802183,2.1819311950995,1
"412",0.975241661645644,1.836099116185,1
"413",0.984902323771053,0.767694586553173,1
"414",1.09269255340163,1.36372493991173,1
"415",1.0173850772206,0.708821842634184,1
"416",0.793430234740455,0.798743632920749,1
"417",0.950239210076064,1.23274441007466,1
"418",0.985743900735299,1.6623625904944,1
"419",0.872475996531645,0.851769192012843,1
"420",0.934720763925951,0.396171611477395,1
"421",0.90878203389043,1.32565994013798,1
"422",0.939196595426751,1.37878592224767,1
"423",1.10786661396597,0.803185256817798,1
"424",0.89950891595926,1.270825556949,1
"425",1.1555119107115,1.07027246272257,1
"426",0.902995410710613,0.644665117322267,1
"427",0.765975181400977,1.78737533771987,1
"428",0.915918152817781,1.55382880934276,1
"429",0.791317427137876,0.565941074347223,1
"430",1.00455304799885,0.679899517852203,1
"431",1.03170983436417,0.998097030098673,1
"432",0.988370281838941,0.0291989294423375,1
"433",0.802924190572946,1.17601071389783,1
"434",0.970804016615294,1.86221788713363,1
"435",0.984843104907072,0.759470923869923,1
"436",1.15148581884001,1.55724181208446,1
"437",1.01719572751892,1.84973793107486,1
"438",0.998832846890967,0.388503660052309,1
"439",1.11672016348741,0.917658507958491,1
"440",1.01800876609453,-0.110227268116662,1
"441",0.913545071769744,1.6566329939402,1
"442",0.875468514287444,1.00405345966152,1
"443",0.957427430590572,0.927927310882398,1
"444",1.06438701654807,1.59858486590614,1
"445",1.24183445764066,1.71855856734616,1
"446",1.02472507167641,0.717862501577902,1
"447",1.09779134399029,1.68027239568034,1
"448",0.946016717486899,1.50367295210042,1
"449",1.09169889669396,1.2094603561314,1
"450",1.02200908665085,1.58334641587298,1
"451",1.08999456806512,0.0590362043488203,1
"452",1.16010132847638,0.871862910035802,1
"453",1.01115111634654,0.250306075390336,1
"454",1.07219328298303,2.4473921594574,1
"455",1.06597384644172,2.45157769049092,1
"456",0.772539259712349,0.825004004049213,1
"457",1.00672910437786,0.69620968291891,1
"458",0.9915878364413,1.04973598216047,1
"459",1.00781377806577,0.11785965900863,1
"460",0.899282453713458,1.24441418768129,1
"461",0.837359768666432,1.65694851695884,1
"462",0.973080681939742,0.612176814285339,1
"463",0.905238779890688,2.12015561359102,1
"464",0.68858940716744,0.886655116799212,1
"465",0.928407730955182,0.114990174370606,1
"466",0.914949547464568,0.999229005061334,1
"467",1.11845833437218,1.25804492854922,1
"468",1.03061221661568,0.832701209531705,1
"469",0.695604418112785,1.16543649544283,1
"470",1.07672857040539,1.04411673892705,1
"471",0.834156177262168,1.18852674255753,1
"472",0.882446451604347,2.11683023781965,1
"473",0.91930600504833,0.993984449526768,1
"474",0.824449414084388,0.261020810193029,1
"475",0.655187651450096,1.16165776032454,1
"476",0.966835719464474,0.588218600197197,1
"477",0.875803090432339,0.878975325742524,1
"478",1.09994313662561,1.10190591118821,1
"479",1.02799599952137,2.10739960090302,1
"480",1.00839659316594,0.597901078185467,1
"481",1.05558464562507,2.01189601112976,1
"482",1.23718627571528,1.81209945123942,1
"483",1.09374492815085,1.56352023201383,1
"484",1.10047515383804,0.365694019075995,1
"485",0.902461001753047,1.48639144467248,1
"486",1.0900423971782,0.577419345868394,1
"487",0.953981266793085,0.937778338446873,1
"488",1.00248272606712,0.210346429584648,1
"489",0.921792070658623,0.921603960718884,1
"490",1.19401832570472,0.799056880792033,1
"491",0.883093125418204,1.97296460149173,1
"492",0.920019241386143,0.760143582974532,1
"493",0.919243307403097,2.66007908310175,1
"494",0.810189016112909,0.221375946114933,1
"495",0.86799756280596,0.83227238817315,1
"496",1.07801293836049,1.36258765494979,1
"497",0.905164610302402,1.48998794119031,1
"498",0.900668996662757,1.31979366599224,1
"499",1.03991169839043,0.99917036391132,1
"500",1.02094988196066,0.124279653713176,1
"501",0.755419172321206,0.23217378192602,1
"502",0.843920979641105,0.464871802986502,1
"503",1.09076062306598,0.290003246535103,1
"504",0.961488626719399,0.131241425360333,1
"505",0.977307617778364,1.49955825836758,1
"506",0.890225706585228,1.00216312601819,1
"507",1.19347701980612,1.2190680220582,1
"508",1.00345091005477,1.06120359593953,1
"509",1.0389685284273,1.32804423497813,1
"510",1.08641121533759,1.7409152255197,1
"511",1.08363315533443,-0.380053535210511,1
"512",1.00035024783757,2.645148602815,1
"513",1.17231408473689,0.821504851980008,1
"514",0.996077163853293,1.32080257504917,1
"515",0.982091308827128,1.14885665706051,1
"516",1.23966826522452,1.80535053919043,1
"517",1.00433352788834,1.30370356603972,1
"518",1.06299911050369,1.98154701988218,1
"519",0.764028490578353,1.13162946829066,1
"520",0.706296834554461,1.77908968109657,1
"521",1.07472498767294,1.44716091321185,1
"522",0.98133237263718,0.36133552531397,1
"523",1.1952303388128,0.413176488954322,1
"524",1.1110967265353,0.550438401217932,1
"525",1.06175807500346,2.4245915477157,1
"526",0.965304237539163,1.4119267464999,1
"527",0.975978569121167,1.65240636497627,1
"528",0.792779147090067,1.33902078991705,1
"529",0.668923921239158,0.8578313762423,1
"530",0.951092610499745,1.61981253837917,1
"531",1.09327400147071,2.33739677434774,1
"532",1.2023534370035,0.68119802294504,1
"533",0.933151456290237,2.82202732417707,1
"534",0.984492364566452,1.00238484191249,1
"535",0.955703811816063,0.352157399546459,1
"536",1.01339685989343,0.723700080659172,1
"537",1.09389560058268,1.81096148773084,1
"538",0.722191317273728,1.4403340444416,1
"539",0.969164559183941,1.05291617303225,1
"540",0.990204406971316,1.22508008304102,1
"541",0.77424649172704,0.988070416481261,1
"542",1.01323472933989,0.747603730070077,1
"543",1.12780197831415,0.651342856187083,1
"544",0.836678811515264,2.253315396575,1
"545",1.01905685062116,1.30626912984389,1
"546",1.02693301059557,0.523266698588394,1
"547",0.767342784404684,1.44957002873105,1
"548",1.01011496143469,1.82139340295478,1
"549",0.862195859003692,1.89895220515174,1
"550",1.07719649964875,-0.187567717492281,1
"551",1.0866028931473,0.100430883862296,1
"552",1.1040690492933,-0.738070720837588,1
"553",0.896386845178258,0.792954800059013,1
"554",0.89038621611737,1.44070622549053,1
"555",1.05369080942475,1.65072740373861,1
"556",0.979876687803406,1.54113764822631,1
"557",1.14096734628378,0.480234197445703,1
"558",0.773977210543253,0.61827341041879,1
"559",0.858874228975217,0.99132417414144,1
"560",1.29920444929887,1.54681690150823,1
"561",1.12209341917984,0.50281974881009,1
"562",0.989596747440977,-0.46471250064346,1
"563",0.902803717573972,0.575176393431384,1
"564",1.26362969495427,0.838882516240443,1
"565",0.846905177452457,0.773556292876672,1
"566",1.00572456047653,1.34414741270997,1
"567",1.12092480795396,0.627333466948803,1
"568",1.13344976651452,0.088843518111316,1
"569",0.988956814687933,1.18118623994166,1
"570",1.11178686480018,2.13565751962424,1
"571",0.940253306941998,1.7910774335005,1
"572",0.784070910285149,1.48578320179671,1
"573",1.00084304107864,0.193990980845081,1
"574",1.08870603048984,1.78141631669584,1
"575",0.794349863953177,0.633119577491908,1
"576",0.863235159261875,1.16707978052377,1
"577",0.94551882203629,1.49824180020358,1
"578",0.959260948404252,1.07416598379127,1
"579",0.98556706192156,1.18963503342896,1
"580",1.05319046602163,1.17413051067629,1
"581",0.928826616413204,0.542352122723579,1
"582",0.774233635038054,2.45423823262193,1
"583",0.94429585853968,0.757305381609119,1
"584",1.15330402919069,1.24414025001966,1
"585",0.885923759981066,0.25409397595594,1
"586",0.781195924865302,1.29767597785876,1
"587",0.868976825570525,1.10651545102432,1
"588",0.847320972531054,1.07157626780016,1
"589",0.984772531249364,1.45891989842193,1
"590",1.21770195513242,1.1335704833924,1
"591",0.982030673572238,0.907530104080347,1
"592",1.10780158704129,0.0466437115059679,1
"593",1.05372986946818,1.08996967838495,1
"594",1.04765918984049,2.10748713124993,1
"595",0.731268336396596,0.714290259716597,1
"596",1.03504610905828,1.07797313140865,1
"597",0.685626153611469,0.715144264419064,1
"598",1.1506069017331,1.06772423225824,1
"599",1.07821693192354,1.8531006574117,1
"600",0.921124057733636,0.882978751600884,1
"601",1.07892390552594,1.64917039630224,1.5
"602",1.08982400392413,0.657759995389051,1.5
"603",1.15862971005283,2.77441355521894,1.5
"604",1.03453923979966,2.10826066466757,1.5
"605",1.05269272038459,1.33713587514609,1.5
"606",1.0652591224121,-0.0194584829617805,1.5
"607",0.694872870855449,1.44059778577571,1.5
"608",1.0711750013698,2.14230698913387,1.5
"609",1.06028196963512,2.3369403352997,1.5
"610",1.08304592477843,0.868430810634095,1.5
"611",1.02278808440057,0.463102047740368,1.5
"612",0.9758988496017,1.29063539302897,1.5
"613",1.09328895261115,1.88068513171181,1.5
"614",0.955917757905015,1.21278253197008,1.5
"615",1.01645682459677,1.31643194426223,1.5
"616",0.791326608321247,1.46043515522682,1.5
"617",1.20237258227953,2.20207779366656,1.5
"618",0.725500190431264,1.40265938315976,1.5
"619",0.901194875205481,2.87676673061927,1.5
"620",1.05105333046634,2.01913830852429,1.5
"621",0.864477834757092,1.82179710571967,1.5
"622",1.23875906995203,2.49154225556355,1.5
"623",1.0703732126631,1.77918069989506,1.5
"624",1.09300611135255,1.98422278374902,1.5
"625",1.00209789449005,1.58055694018427,1.5
"626",1.08953403991696,1.74265918090134,1.5
"627",1.06476533921948,1.65594426050896,1.5
"628",0.858043840456274,0.7410175361831,1.5
"629",0.837595455641543,2.05108330239596,1.5
"630",1.01628139511192,1.0625927357058,1.5
"631",0.995394789635754,2.17266084697301,1.5
"632",1.17825197595264,1.36451317609148,1.5
"633",1.03688651619954,0.647442969958024,1.5
"634",0.93487370660673,1.71900797736399,1.5
"635",0.917532786350413,0.612657049047487,1.5
"636",1.0201594078215,1.94930244190698,1.5
"637",0.945773684352929,0.805619333844669,1.5
"638",1.06420975254203,1.6374131489038,1.5
"639",0.86439199479601,1.54328208280767,1.5
"640",1.07334024240767,1.32575107771115,1.5
"641",0.955604022982865,0.973200077721213,1.5
"642",1.0786105882736,0.9208184023406,1.5
"643",1.07905684285848,2.06976204097573,1.5
"644",0.939759256535094,2.18025108927176,1.5
"645",1.06954743707052,1.23718437247091,1.5
"646",1.22814722781211,2.43994831150496,1.5
"647",0.785465457473193,1.84220525483287,1.5
"648",0.896363015922056,0.952142964957851,1.5
"649",1.02573824945493,0.650904826340745,1.5
"650",0.80137115884005,1.3400355248388,1.5
"651",0.873237265970621,1.94646284676692,1.5
"652",0.880664252881883,1.99912095733096,1.5
"653",1.03984638489599,1.47364093104309,1.5
"654",1.01991345432011,2.88088367328799,1.5
"655",1.00893901442054,2.34331058257088,1.5
"656",0.841904864779046,1.34236439670322,1.5
"657",0.830467573615515,1.17080052117792,1.5
"658",0.883524366863529,0.696924904403746,1.5
"659",0.853711338176612,0.859881995597873,1.5
"660",0.868541266899094,1.44825114931171,1.5
"661",0.823786928133787,1.88712147019513,1.5
"662",0.854285445754145,1.75418221981469,1.5
"663",1.0113747257641,1.29940518722428,1.5
"664",1.13551281477421,0.2121350120345,1.5
"665",0.952458838132159,1.70658151826468,1.5
"666",0.993337400028243,1.34537045164579,1.5
"667",1.08038449282611,1.52975254929359,1.5
"668",0.860063456840864,1.86182833061916,1.5
"669",1.12197866360457,1.95625854661523,1.5
"670",0.83406916193703,1.83368524105775,1.5
"671",1.08267143395023,0.948666470856512,1.5
"672",0.860217660934905,1.70123691809504,1.5
"673",1.18647811300128,2.12345497281624,1.5
"674",1.00819402957409,0.908937554563212,1.5
"675",1.01895090571596,2.018602273142,1.5
"676",0.917252080336774,1.23267187925186,1.5
"677",1.08932672967395,1.19845058204858,1.5
"678",0.989704629309012,1.13688109793891,1.5
"679",0.876543776866063,0.633560342221341,1.5
"680",0.973457037426007,1.6964936366184,1.5
"681",1.02933811908767,1.86372350118283,1.5
"682",1.04261037924457,2.36680165435157,1.5
"683",1.00529447984527,1.97474421604387,1.5
"684",1.05308014845223,1.5427645944886,1.5
"685",0.972146378671439,1.26786858942667,1.5
"686",1.10298551653105,2.42926946727938,1.5
"687",1.04368175481277,1.93890035819974,1.5
"688",1.02489998548633,2.13986164558582,1.5
"689",0.854075397441156,1.05162470556235,1.5
"690",0.782934448345582,1.46182419325842,1.5
"691",0.983082298433081,1.41374734490713,1.5
"692",0.94404918785721,0.956590891808608,1.5
"693",0.931032737470439,2.55818049979637,1.5
"694",0.857039150134943,0.871490569926297,1.5
"695",0.914811988224787,2.54928862328888,1.5
"696",0.977873574190188,2.22470525688787,1.5
"697",0.952021191895392,1.55229183436618,1.5
"698",1.25568388263179,1.5040754078198,1.5
"699",1.03156658683128,2.10026061282001,1.5
"700",0.835041022916404,1.23647727242437,1.5
"701",0.953158782809732,1.74691995154277,1.5
"702",1.02654173979215,1.71314886988439,1.5
"703",0.697251165898691,1.27733931927056,1.5
"704",0.992980378892173,1.32277046997335,1.5
"705",0.7435127521689,2.06791958989488,1.5
"706",0.817182698020916,1.0168658520326,1.5
"707",0.909935373749632,0.384061527845577,1.5
"708",0.81415223002841,1.78178400614567,1.5
"709",1.11040072053965,0.398605720017864,1.5
"710",0.97308483370812,0.849070633116475,1.5
"711",0.984839149966736,-0.119847157194146,1.5
"712",0.994773772242906,1.6192314112476,1.5
"713",1.09326457537857,1.68832351713738,1.5
"714",0.915422968546402,1.3766739684787,1.5
"715",1.03343233805477,1.55769741451044,1.5
"716",1.13333621282388,2.25798124355374,1.5
"717",0.872258097754666,1.34221664435626,1.5
"718",1.10345715418003,1.34711556493486,1.5
"719",0.924637068454288,2.08386119078912,1.5
"720",1.00995389875199,1.27636802343947,1.5
"721",0.799326850836932,1.30680734365172,1.5
"722",0.940892054951993,2.12759655294655,1.5
"723",1.00433685267197,0.754753214657327,1.5
"724",0.813070366937641,1.8309642041213,1.5
"725",0.786608406909177,2.10822854300131,1.5
"726",0.853731884873851,1.42773703829291,1.5
"727",0.867545399725596,1.71262494144334,1.5
"728",1.00223500371001,1.30370083011908,1.5
"729",0.748684603307293,1.82781114040489,1.5
"730",0.923728162792006,2.63717918990594,1.5
"731",1.02408644220037,1.47543536403113,1.5
"732",1.05541392373605,0.166493767142532,1.5
"733",1.09373121783241,1.12496713777636,1.5
"734",0.948297087565546,1.94822261574622,1.5
"735",1.08341828812811,0.779774684918313,1.5
"736",0.73206066036296,0.603035324728719,1.5
"737",0.859424551061779,0.925279916923823,1.5
"738",0.91571997109899,1.98458217894354,1.5
"739",1.06680898443658,2.73427221439233,1.5
"740",0.781633997458992,1.12949660770461,1.5
"741",1.19172480207055,1.6082751332422,1.5
"742",0.915040676819647,1.18796095122997,1.5
"743",0.980758705557282,2.25509881106273,1.5
"744",0.959155345278125,2.11920265140431,1.5
"745",1.01349022783774,1.61262570788881,1.5
"746",1.13628112649341,1.92254824464899,1.5
"747",0.879760494105698,2.40788373364673,1.5
"748",0.923794223041663,0.951939657029698,1.5
"749",0.968219068039561,2.36368434820387,1.5
"750",1.11880214902858,1.50726243725762,1.5
"751",1.02384121711258,1.49951865386883,1.5
"752",0.949341259597197,0.351426032477738,1.5
"753",0.976575703330129,1.96199319978159,1.5
"754",0.808147301876876,0.730287010035709,1.5
"755",0.991152270611294,0.647643114430619,1.5
"756",0.97718064490356,2.02991226163118,1.5
"757",0.776057652597261,2.36502390250313,1.5
"758",0.850487082334512,1.07852022472022,1.5
"759",1.16392715978812,1.55643333079225,1.5
"760",0.999034187571463,2.44158019270232,1.5
"761",0.768992184740498,0.807708413921355,1.5
"762",1.04573525918298,1.46435259065301,1.5
"763",1.0389400668974,1.5865537996365,1.5
"764",0.877180418262085,0.992049107776729,1.5
"765",1.0241873168812,1.99403745883091,1.5
"766",1.02734205326558,1.65129088402796,1.5
"767",1.07034658220829,2.3113161996271,1.5
"768",1.10259136102306,2.14984448773518,1.5
"769",0.97559828807383,1.0229584302254,1.5
"770",1.1193863451539,1.46043949763208,1.5
"771",1.05503083707602,1.55775527017341,1.5
"772",0.97307590852935,2.09855072291937,1.5
"773",0.74030796159504,1.47221592650569,1.5
"774",0.902002171833358,1.87391446076972,1.5
"775",0.890734146939266,1.76169763060195,1.5
"776",1.01771359359875,2.1797753730195,1.5
"777",0.927167045269054,1.37275499152071,1.5
"778",0.833660219722143,1.78598563562044,1.5
"779",0.901187569255376,0.752091848902641,1.5
"780",0.935562702484121,1.30358498328251,1.5
"781",1.02270407970339,2.49445650081118,1.5
"782",1.09733196630155,1.89349485346971,1.5
"783",0.802566750455531,1.62508413785687,1.5
"784",1.06052129929976,1.96786172488753,1.5
"785",0.99905002947486,1.71530780992788,1.5
"786",1.10037447819691,2.72533364609775,1.5
"787",0.899083759783519,1.03695786119858,1.5
"788",0.996738003107032,1.33000267269736,1.5
"789",0.947637374773471,0.928721193448043,1.5
"790",0.884699377393947,2.19827408986637,1.5
"791",0.729503799535735,0.052730670687866,1.5
"792",0.892414044589047,2.38761247168739,1.5
"793",1.10404071950399,2.16544231964484,1.5
"794",1.08375436834003,1.23331634178968,1.5
"795",0.838338176913767,2.11784808559976,1.5
"796",1.14894574937716,2.08654590347535,1.5
"797",0.78881283017613,1.51587290316604,1.5
"798",0.859986416548361,2.08755377836094,1.5
"799",0.801095885392513,2.05618660222195,1.5
"800",0.832451555577804,1.86784200005797,1.5
"801",0.637331754906542,2.17165239894331,2
"802",0.898650410285787,1.20296305929949,2
"803",1.11496077712759,2.93408630295718,2
"804",0.886191330001205,1.77842454056693,2
"805",1.10466824305009,1.42485802086377,2
"806",0.938536942385444,1.89810395439455,2
"807",0.901453269995897,2.98730345441961,2
"808",0.940270384614379,0.919980249431358,2
"809",1.02087148033683,1.95453619541999,2
"810",1.01556608963025,1.67879920421272,2
"811",0.776564767490356,2.40158893856257,2
"812",1.03099706487525,1.57734653875307,2
"813",1.20194021260073,2.15660475458929,2
"814",0.629342516664839,2.84668352144838,2
"815",0.538714152700353,2.36432926719408,2
"816",1.00231635442719,1.23324432818252,2
"817",1.0520601257002,-0.0406142252092077,2
"818",0.975871794555452,2.76609227101119,2
"819",1.03408173765134,1.11000445642753,2
"820",0.980393834303227,2.29285217855055,2
"821",0.836231659022933,2.11771794176678,2
"822",1.00812302202085,2.12900422211031,2
"823",1.10319949320719,2.02185583552886,2
"824",1.09268765224107,2.04653588493833,2
"825",0.857157172758275,2.63476763959121,2
"826",1.03119019651819,1.83205538247117,2
"827",0.869731750022419,2.00983303093384,2
"828",1.03389440648038,1.94238912064369,2
"829",0.925098755607736,1.49387815360232,2
"830",0.989042152277398,1.6531014976697,2
"831",0.955633903540844,2.69471133081089,2
"832",1.23966617061532,1.8727047855428,2
"833",0.92391475780904,2.28307197017103,2
"834",0.964783532808687,1.4167935232721,2
"835",0.659534639104678,1.70497630450735,2
"836",1.05002600780569,1.73662689865126,2
"837",0.938311160194254,1.45208878193439,2
"838",1.09863277517091,1.10911313246199,2
"839",0.759753495757028,2.25271033827867,2
"840",1.03510489851475,2.35111297612098,2
"841",1.18637691694454,1.81456263540642,2
"842",1.03091112156204,3.46986550638752,2
"843",0.982511506907584,2.63479302515542,2
"844",0.825368658858236,3.16397154012623,2
"845",1.04478507059575,1.25613203038975,2
"846",1.04288990293813,0.712163675372801,2
"847",1.16473627973996,1.5585167540539,2
"848",0.79138424505638,1.98485616201568,2
"849",1.03434041106589,2.4990366195377,2
"850",0.799566816635949,2.4872012887132,2
"851",0.997239144470497,2.55039165719136,2
"852",1.00010612149328,2.53943979559065,2
"853",1.16851008587317,3.18414214481874,2
"854",1.00787736379279,2.30967421770183,2
"855",0.963138715841303,2.57122466653513,2
"856",1.16951909605963,2.29016465257559,2
"857",1.05765813282442,2.12778290741056,2
"858",0.666568638828975,3.59528827238471,2
"859",0.939074846312004,2.74148298143032,2
"860",0.893158670078629,0.977840831240377,2
"861",1.05888044020835,1.34707892944609,2
"862",0.830266160775808,1.40433438737077,2
"863",0.924677161324636,1.28302293496425,2
"864",0.927625194965854,2.12919838208397,2
"865",1.1575981947818,2.90938385891421,2
"866",1.19691189129682,2.10982472483757,2
"867",1.03450182719897,3.11136372628821,2
"868",0.934639878146866,2.67412605258924,2
"869",1.07668293747609,1.98301524661233,2
"870",0.843913782674336,2.05321134919087,2
"871",1.0925118423114,2.06374279313114,2
"872",1.12377245886838,1.70824692782775,2
"873",0.84216562675233,1.81447185104615,2
"874",0.90533677551576,0.861910307248797,2
"875",1.04826347813761,2.34758762629788,2
"876",0.906004985606669,2.14459825768525,2
"877",1.20256608681083,2.14781324621416,2
"878",0.931025930117466,1.79849771401046,2
"879",1.07089660651373,1.11895934949891,2
"880",0.900234592743332,1.4750927325843,2
"881",0.99199876886261,2.29362603332623,2
"882",0.847920994572296,0.887364772885043,2
"883",1.11681326755376,1.76444413188779,2
"884",1.11210105227532,1.16600903687323,2
"885",0.926412151675304,2.19700303383143,2
"886",1.0499059148077,3.0431457546081,2
"887",1.06277743768594,0.657049575091153,2
"888",0.882968303777511,2.27394211057457,2
"889",1.05024982240496,1.8760449624625,2
"890",1.16978200624021,1.66681791861107,2
"891",1.09161243719721,2.4107064149539,2
"892",1.07266883795311,1.89227082734973,2
"893",0.700998495616111,2.6789870295469,2
"894",0.973034703466824,1.81386015011529,2
"895",1.08647892840046,0.7473125025808,2
"896",0.950974661222139,1.47833492302221,2
"897",0.811311512589549,2.7971971916181,2
"898",0.831899341900941,1.46022633362799,2
"899",0.985523713923474,1.94666132861296,2
"900",0.680688790031446,2.411086679451,2
"901",0.915417704772386,3.42849057798808,2
"902",1.04412613146672,1.93109036296324,2
"903",0.887972995203722,2.03533135373838,2
"904",1.22100645449171,1.99745546943781,2
"905",0.829380137592195,1.51885555229413,2
"906",0.998427430239684,2.27688983596992,2
"907",0.893922002437857,0.532381800927997,2
"908",1.30997269871759,1.77790394356469,2
"909",0.901674187721332,2.81623512694248,2
"910",0.89196946884734,2.43261249767873,2
"911",0.908273468844726,1.05273941378441,2
"912",1.0934707330907,3.13131749814695,2
"913",0.950241313689814,0.919619936463843,2
"914",0.93195552089227,2.60704014241443,2
"915",0.775553398500798,1.85294517650194,2
"916",1.1546675167905,2.09138749720959,2
"917",1.26804814255235,2.45477518193313,2
"918",0.723883331969189,1.65112522117009,2
"919",1.01266244614905,1.89477196372851,2
"920",0.858513671629901,2.8704114834395,2
"921",1.08394350962089,2.92988016631154,2
"922",0.94306599952371,2.18521387046526,2
"923",0.848815556067337,1.5332915457698,2
"924",1.14557995278094,2.46924018064333,2
"925",0.866346487435199,2.02002291429087,2
"926",0.944154816158454,3.05375453157442,2
"927",1.11989323624548,2.12474572781967,2
"928",0.993422403620768,2.22625439026079,2
"929",0.949741505665127,0.676854563310322,2
"930",1.00035785914851,2.01551888656195,2
"931",0.883555573371445,1.58087538645365,2
"932",0.984001012789534,1.55898997494762,2
"933",1.17467370396402,0.914506919174871,2
"934",1.03014843950635,1.22502555748586,2
"935",0.920835360825606,1.49772756225975,2
"936",0.920755954931722,2.64070027125363,2
"937",1.03931784743734,0.161077062800494,2
"938",1.20993127666813,1.73512288354085,2
"939",0.86006130397606,0.878596925813001,2
"940",0.928262470445658,2.60014798508999,2
"941",1.00557921050718,2.94416659134376,2
"942",1.03362250176042,1.50243624200447,2
"943",0.9595782833036,1.11137470969461,2
"944",0.92542188287684,2.03563507959605,2
"945",0.888739001548923,2.22368714469624,2
"946",1.09965626574527,1.85881349587078,2
"947",0.928845200700671,1.16476069907001,2
"948",0.886349073971696,2.32030144606375,2
"949",0.992039999814437,2.15650206728679,2
"950",0.899548099832895,2.25264373019636,2
"951",1.07970551185322,3.1054176081598,2
"952",1.1110140874634,1.95485870520139,2
"953",1.24271661996735,1.77939958559753,2
"954",0.977711139925525,2.98541775769068,2
"955",0.947702192395159,2.18972621847532,2
"956",1.14534744084405,1.76299578919663,2
"957",0.909387260441413,1.57444014081969,2
"958",0.943788860589522,1.99637254538153,2
"959",0.957865489983949,0.863387647620983,2
"960",0.921979122117341,3.07162448454148,2
"961",0.96429800696952,1.83427659998732,2
"962",1.19184248350928,2.65246491347584,2
"963",0.840460403940902,1.55643798715341,2
"964",1.01507221002738,2.83913762043472,2
"965",1.04721680984338,2.09745232874632,2
"966",1.21187373940239,1.53422042189309,2
"967",1.08178084691493,1.53973084415291,2
"968",1.12836946713686,1.63296705356085,2
"969",1.05995892319245,2.81824216557887,2
"970",1.02045480274266,2.00805482249643,2
"971",0.962671580732723,1.08618830383529,2
"972",0.97850484045164,1.43303726748525,2
"973",0.847011761932438,3.07540106235702,2
"974",0.947922096313496,1.68580163344024,2
"975",1.19534248228228,2.6338959503194,2
"976",0.978549103551265,2.73773942766844,2
"977",0.969788247550109,3.27688787488156,2
"978",0.975868838722011,2.83383932833264,2
"979",1.11887480160007,0.793465076501174,2
"980",0.956777580840367,2.46696876487963,2
"981",1.02967906591235,2.25122197056053,2
"982",1.12875999257144,1.4142236218404,2
"983",1.06274217065427,2.9830594866372,2
"984",0.943738457901638,1.50640652025588,2
"985",1.00647599383155,2.89115412271567,2
"986",0.980974341075543,1.71153865268706,2
"987",0.886500092837291,2.11027283436777,2
"988",1.34327627133419,1.81354947780163,2
"989",0.964789264427792,2.54025942765953,2
"990",1.14995503032931,3.31667897457081,2
"991",0.815351372193451,2.39968223008797,2
"992",1.06102153709143,1.0392210339348,2
"993",0.947971297035155,1.16495768427278,2
"994",1.02392981129516,1.9424353570318,2
"995",1.12688162415252,2.49389473850686,2
"996",0.774165463350493,1.49248230926788,2
"997",0.996504094627453,1.98886940748495,2
"998",1.08579101842046,2.24830297322821,2
"999",0.93758539671,2.55757154487362,2
"1000",0.906577212544187,1.76969883594721,2
