"","accuracy","deviation","slope","cells"
"1",0.995,0,0.5,7
"2",0.657,0.25,0.5,7
"3",0.602,0.5,0.5,7
"4",0.559,0.7,0.5,7
"5",0.523,1,0.5,7
"6",1,0,0.5,16
"7",0.804,0.25,0.5,16
"8",0.668,0.5,0.5,16
"9",0.625,0.7,0.5,16
"10",0.606,1,0.5,16
"11",1,0,0.5,20
"12",0.882,0.25,0.5,20
"13",0.688,0.5,0.5,20
"14",0.64,0.7,0.5,20
"15",0.573,1,0.5,20
"16",1,0,0.5,30
"17",0.912,0.25,0.5,30
"18",0.732,0.5,0.5,30
"19",0.695,0.7,0.5,30
"20",0.665,1,0.5,30
"21",1,0,0.5,100
"22",0.999,0.25,0.5,100
"23",0.92,0.5,0.5,100
"24",0.81,0.7,0.5,100
"25",0.778,1,0.5,100