"","accuracy","deviation","slope","cells"
"1",0,0,0.5,7
"2",0.289,0.25,0.5,7
"3",0.364,0.5,0.5,7
"4",0.422,0.7,0.5,7
"5",0.415,1,0.5,7
"6",0,0,0.5,16
"7",0.155,0.25,0.5,16
"8",0.301,0.5,0.5,16
"9",0.357,0.7,0.5,16
"10",0.404,1,0.5,16
"11",0,0,0.5,20
"12",0.131,0.25,0.5,20
"13",0.308,0.5,0.5,20
"14",0.348,0.7,0.5,20
"15",0.427,1,0.5,20
"16",0,0,0.5,30
"17",0.069,0.25,0.5,30
"18",0.206,0.5,0.5,30
"19",0.315,0.7,0.5,30
"20",0.349,1,0.5,30
"21",0,0,0.5,100
"22",0.007,0.25,0.5,100
"23",0.087,0.5,0.5,100
"24",0.165,0.7,0.5,100
"25",0.275,1,0.5,100
