"","accuracy","deviation","slope","cells"
"1",0,0,0.5,7
"2",0.268,0.25,0.5,7
"3",0.381,0.5,0.5,7
"4",0.379,0.7,0.5,7
"5",0.49,1,0.5,7
"6",0,0,0.5,16
"7",0.132,0.25,0.5,16
"8",0.351,0.5,0.5,16
"9",0.334,0.7,0.5,16
"10",0.375,1,0.5,16
"11",0,0,0.5,20
"12",0.124,0.25,0.5,20
"13",0.259,0.5,0.5,20
"14",0.325,0.7,0.5,20
"15",0.398,1,0.5,20
"16",0,0,0.5,30
"17",0.058,0.25,0.5,30
"18",0.221,0.5,0.5,30
"19",0.356,0.7,0.5,30
"20",0.394,1,0.5,30
"21",0,0,0.5,100
"22",0.001,0.25,0.5,100
"23",0.082,0.5,0.5,100
"24",0.179,0.7,0.5,100
"25",0.188,1,0.5,100
