"","accuracy","deviation","slope","cells"
"1",0.185,0.5,1.5,7
"2",0.053,0.5,1.5,16
"3",0.029,0.5,1.5,20
"4",0.011,0.5,1.5,30
"5",0,0.5,1.5,100
"6",0.193,0.75,2.25,7
"7",0.065,0.75,2.25,16
"8",0.045,0.75,2.25,20
"9",0.006,0.75,2.25,30
"10",0,0.75,2.25,100
"11",0.185,1,3,7
"12",0.075,1,3,16
"13",0.043,1,3,20
"14",0.01,1,3,30
"15",0,1,3,100
"16",0.199,2,6,7
"17",0.06,2,6,16
"18",0.042,2,6,20
"19",0.011,2,6,30
"20",0,2,6,100
"21",0.159,3,9,7
"22",0.061,3,9,16
"23",0.039,3,9,20
"24",0.011,3,9,30
"25",0,3,9,100
