"","accuracy","deviation","slope","cells"
"1",0.186,0.5,1.5,7
"2",0.066,0.5,1.5,16
"3",0.042,0.5,1.5,20
"4",0.017,0.5,1.5,30
"5",0,0.5,1.5,100
"6",0.198,0.75,2.25,7
"7",0.059,0.75,2.25,16
"8",0.038,0.75,2.25,20
"9",0.015,0.75,2.25,30
"10",0,0.75,2.25,100
"11",0.187,1,3,7
"12",0.072,1,3,16
"13",0.036,1,3,20
"14",0.021,1,3,30
"15",0,1,3,100
"16",0.184,2,6,7
"17",0.046,2,6,16
"18",0.032,2,6,20
"19",0.013,2,6,30
"20",0,2,6,100
"21",0.196,3,9,7
"22",0.053,3,9,16
"23",0.043,3,9,20
"24",0.012,3,9,30
"25",0,3,9,100
