"","accuracy","deviation","slope","cells"
"1",0.174,0.5,1.5,7
"2",0.051,0.5,1.5,16
"3",0.051,0.5,1.5,20
"4",0.023,0.5,1.5,30
"5",0.001,0.5,1.5,100
"6",0.19,0.75,2.25,7
"7",0.058,0.75,2.25,16
"8",0.033,0.75,2.25,20
"9",0.013,0.75,2.25,30
"10",0,0.75,2.25,100
"11",0.193,1,3,7
"12",0.063,1,3,16
"13",0.037,1,3,20
"14",0.025,1,3,30
"15",0,1,3,100
"16",0.187,2,6,7
"17",0.061,2,6,16
"18",0.044,2,6,20
"19",0.024,2,6,30
"20",0,2,6,100
"21",0.176,3,9,7
"22",0.072,3,9,16
"23",0.035,3,9,20
"24",0.013,3,9,30
"25",0,3,9,100
