"","accuracy","deviation","slope","cells"
"1",0.19,0.5,1.5,7
"2",0.055,0.5,1.5,16
"3",0.046,0.5,1.5,20
"4",0.015,0.5,1.5,30
"5",0,0.5,1.5,100
"6",0.179,0.75,2.25,7
"7",0.072,0.75,2.25,16
"8",0.057,0.75,2.25,20
"9",0.013,0.75,2.25,30
"10",0,0.75,2.25,100
"11",0.178,1,3,7
"12",0.058,1,3,16
"13",0.04,1,3,20
"14",0.011,1,3,30
"15",0,1,3,100
"16",0.158,2,6,7
"17",0.056,2,6,16
"18",0.054,2,6,20
"19",0.011,2,6,30
"20",0,2,6,100
"21",0.205,3,9,7
"22",0.06,3,9,16
"23",0.038,3,9,20
"24",0.014,3,9,30
"25",0,3,9,100
