"","accuracy","deviation","slope","cells"
"1",0.197,0.5,1.5,7
"2",0.06,0.5,1.5,16
"3",0.04,0.5,1.5,20
"4",0.026,0.5,1.5,30
"5",0,0.5,1.5,100
"6",0.193,0.75,2.25,7
"7",0.064,0.75,2.25,16
"8",0.046,0.75,2.25,20
"9",0.023,0.75,2.25,30
"10",0,0.75,2.25,100
"11",0.176,1,3,7
"12",0.076,1,3,16
"13",0.029,1,3,20
"14",0.014,1,3,30
"15",0,1,3,100
"16",0.198,2,6,7
"17",0.054,2,6,16
"18",0.048,2,6,20
"19",0.017,2,6,30
"20",0,2,6,100
"21",0.183,3,9,7
"22",0.048,3,9,16
"23",0.044,3,9,20
"24",0.017,3,9,30
"25",0,3,9,100
