"","accuracy","deviation","slope","cells"
"1",0.545,1,0.5,7
"2",0.604,1,0.5,16
"3",0.596,1,0.5,20
"4",0.632,1,0.5,30
"5",0.756,1,0.5,100
"6",0.558,1.5,0.75,7
"7",0.576,1.5,0.75,16
"8",0.612,1.5,0.75,20
"9",0.634,1.5,0.75,30
"10",0.735,1.5,0.75,100
"11",0.564,2,1,7
"12",0.591,2,1,16
"13",0.613,2,1,20
"14",0.594,2,1,30
"15",0.719,2,1,100
"16",0.54,4,2,7
"17",0.575,4,2,16
"18",0.579,4,2,20
"19",0.598,4,2,30
"20",0.771,4,2,100
"21",0.564,6,3,7
"22",0.587,6,3,16
"23",0.597,6,3,20
"24",0.571,6,3,30
"25",0.755,6,3,100
