"","accuracy","deviation","slope","cells"
"1",0.559,1,0.5,7
"2",0.556,1,0.5,16
"3",0.602,1,0.5,20
"4",0.621,1,0.5,30
"5",0.758,1,0.5,100
"6",0.555,1.5,0.75,7
"7",0.581,1.5,0.75,16
"8",0.602,1.5,0.75,20
"9",0.609,1.5,0.75,30
"10",0.741,1.5,0.75,100
"11",0.521,2,1,7
"12",0.58,2,1,16
"13",0.614,2,1,20
"14",0.644,2,1,30
"15",0.755,2,1,100
"16",0.526,4,2,7
"17",0.563,4,2,16
"18",0.593,4,2,20
"19",0.631,4,2,30
"20",0.718,4,2,100
"21",0.561,6,3,7
"22",0.573,6,3,16
"23",0.599,6,3,20
"24",0.634,6,3,30
"25",0.733,6,3,100
