"","accuracy","deviation","slope","cells"
"1",0.539,1,0.5,7
"2",0.576,1,0.5,16
"3",0.603,1,0.5,20
"4",0.624,1,0.5,30
"5",0.746,1,0.5,100
"6",0.541,1.5,0.75,7
"7",0.598,1.5,0.75,16
"8",0.58,1.5,0.75,20
"9",0.611,1.5,0.75,30
"10",0.751,1.5,0.75,100
"11",0.53,2,1,7
"12",0.605,2,1,16
"13",0.586,2,1,20
"14",0.64,2,1,30
"15",0.744,2,1,100
"16",0.514,4,2,7
"17",0.588,4,2,16
"18",0.603,4,2,20
"19",0.604,4,2,30
"20",0.736,4,2,100
"21",0.53,6,3,7
"22",0.588,6,3,16
"23",0.601,6,3,20
"24",0.612,6,3,30
"25",0.756,6,3,100
