"","accuracy","deviation","slope","cells"
"1",0.563,1,0.5,7
"2",0.59,1,0.5,16
"3",0.562,1,0.5,20
"4",0.629,1,0.5,30
"5",0.761,1,0.5,100
"6",0.519,1.5,0.75,7
"7",0.573,1.5,0.75,16
"8",0.59,1.5,0.75,20
"9",0.613,1.5,0.75,30
"10",0.764,1.5,0.75,100
"11",0.566,2,1,7
"12",0.595,2,1,16
"13",0.59,2,1,20
"14",0.637,2,1,30
"15",0.736,2,1,100
"16",0.52,4,2,7
"17",0.601,4,2,16
"18",0.622,4,2,20
"19",0.611,4,2,30
"20",0.73,4,2,100
"21",0.536,6,3,7
"22",0.573,6,3,16
"23",0.588,6,3,20
"24",0.623,6,3,30
"25",0.736,6,3,100
