"","accuracy","deviation","slope","cells"
"1",0.547,1,0.5,7
"2",0.585,1,0.5,16
"3",0.591,1,0.5,20
"4",0.601,1,0.5,30
"5",0.728,1,0.5,100
"6",0.565,1.5,0.75,7
"7",0.572,1.5,0.75,16
"8",0.583,1.5,0.75,20
"9",0.613,1.5,0.75,30
"10",0.796,1.5,0.75,100
"11",0.531,2,1,7
"12",0.583,2,1,16
"13",0.612,2,1,20
"14",0.647,2,1,30
"15",0.747,2,1,100
"16",0.539,4,2,7
"17",0.579,4,2,16
"18",0.614,4,2,20
"19",0.626,4,2,30
"20",0.728,4,2,100
"21",0.556,6,3,7
"22",0.587,6,3,16
"23",0.592,6,3,20
"24",0.633,6,3,30
"25",0.769,6,3,100
