"","accuracy","deviation","slope","cells"
"1",0.53,1,0.5,7
"2",0.588,1,0.5,16
"3",0.598,1,0.5,20
"4",0.64,1,0.5,30
"5",0.78,1,0.5,100
"6",0.532,1.5,0.75,7
"7",0.605,1.5,0.75,16
"8",0.614,1.5,0.75,20
"9",0.642,1.5,0.75,30
"10",0.744,1.5,0.75,100
"11",0.552,2,1,7
"12",0.591,2,1,16
"13",0.587,2,1,20
"14",0.635,2,1,30
"15",0.713,2,1,100
"16",0.526,4,2,7
"17",0.588,4,2,16
"18",0.605,4,2,20
"19",0.639,4,2,30
"20",0.727,4,2,100
"21",0.515,6,3,7
"22",0.596,6,3,16
"23",0.6,6,3,20
"24",0.603,6,3,30
"25",0.731,6,3,100
