"","accuracy","deviation","slope","cells"
"1",0.54,1,0.5,7
"2",0.589,1,0.5,16
"3",0.613,1,0.5,20
"4",0.635,1,0.5,30
"5",0.747,1,0.5,100
"6",0.517,1.5,0.75,7
"7",0.607,1.5,0.75,16
"8",0.609,1.5,0.75,20
"9",0.632,1.5,0.75,30
"10",0.721,1.5,0.75,100
"11",0.531,2,1,7
"12",0.554,2,1,16
"13",0.608,2,1,20
"14",0.621,2,1,30
"15",0.749,2,1,100
"16",0.542,4,2,7
"17",0.601,4,2,16
"18",0.648,4,2,20
"19",0.647,4,2,30
"20",0.704,4,2,100
"21",0.55,6,3,7
"22",0.536,6,3,16
"23",0.622,6,3,20
"24",0.661,6,3,30
"25",0.719,6,3,100
