"","accuracy","deviation","slope","cells"
"1",0.568,1,0.5,7
"2",0.599,1,0.5,16
"3",0.604,1,0.5,20
"4",0.618,1,0.5,30
"5",0.714,1,0.5,100
"6",0.542,1.5,0.75,7
"7",0.594,1.5,0.75,16
"8",0.579,1.5,0.75,20
"9",0.641,1.5,0.75,30
"10",0.747,1.5,0.75,100
"11",0.523,2,1,7
"12",0.576,2,1,16
"13",0.608,2,1,20
"14",0.634,2,1,30
"15",0.765,2,1,100
"16",0.532,4,2,7
"17",0.558,4,2,16
"18",0.582,4,2,20
"19",0.618,4,2,30
"20",0.743,4,2,100
"21",0.543,6,3,7
"22",0.572,6,3,16
"23",0.611,6,3,20
"24",0.638,6,3,30
"25",0.735,6,3,100
