"","accuracy","deviation","slope","cells"
"1",0.524,1,0.5,7
"2",0.568,1,0.5,16
"3",0.595,1,0.5,20
"4",0.605,1,0.5,30
"5",0.767,1,0.5,100
"6",0.541,1.5,0.75,7
"7",0.561,1.5,0.75,16
"8",0.595,1.5,0.75,20
"9",0.657,1.5,0.75,30
"10",0.733,1.5,0.75,100
"11",0.514,2,1,7
"12",0.584,2,1,16
"13",0.597,2,1,20
"14",0.64,2,1,30
"15",0.749,2,1,100
"16",0.539,4,2,7
"17",0.583,4,2,16
"18",0.554,4,2,20
"19",0.626,4,2,30
"20",0.769,4,2,100
"21",0.525,6,3,7
"22",0.599,6,3,16
"23",0.591,6,3,20
"24",0.654,6,3,30
"25",0.757,6,3,100
