"","accuracy","deviation","slope","cells"
"1",0.555,1,0.5,7
"2",0.596,1,0.5,16
"3",0.626,1,0.5,20
"4",0.655,1,0.5,30
"5",0.719,1,0.5,100
"6",0.543,1.5,0.75,7
"7",0.577,1.5,0.75,16
"8",0.621,1.5,0.75,20
"9",0.651,1.5,0.75,30
"10",0.746,1.5,0.75,100
"11",0.543,2,1,7
"12",0.591,2,1,16
"13",0.57,2,1,20
"14",0.637,2,1,30
"15",0.774,2,1,100
"16",0.538,4,2,7
"17",0.589,4,2,16
"18",0.597,4,2,20
"19",0.624,4,2,30
"20",0.721,4,2,100
"21",0.567,6,3,7
"22",0.556,6,3,16
"23",0.594,6,3,20
"24",0.604,6,3,30
"25",0.744,6,3,100
