"","accuracy","deviation","slope","cells"
"1",0,0,0.5,7
"2",0.284,0.25,0.5,7
"3",0.445,0.5,0.5,7
"4",0.406,0.7,0.5,7
"5",0.453,1,0.5,7
"6",0,0,0.5,16
"7",0.177,0.25,0.5,16
"8",0.278,0.5,0.5,16
"9",0.385,0.7,0.5,16
"10",0.397,1,0.5,16
"11",0,0,0.5,20
"12",0.125,0.25,0.5,20
"13",0.29,0.5,0.5,20
"14",0.282,0.7,0.5,20
"15",0.388,1,0.5,20
"16",0,0,0.5,30
"17",0.094,0.25,0.5,30
"18",0.237,0.5,0.5,30
"19",0.251,0.7,0.5,30
"20",0.42,1,0.5,30
"21",0,0,0.5,100
"22",0.002,0.25,0.5,100
"23",0.1,0.5,0.5,100
"24",0.165,0.7,0.5,100
"25",0.118,1,0.5,100
