"","accuracy","deviation","slope","cells"
"1",0.995,0,0.5,7
"2",0.651,0.25,0.5,7
"3",0.567,0.5,0.5,7
"4",0.529,0.7,0.5,7
"5",0.55,1,0.5,7
"6",1,0,0.5,16
"7",0.818,0.25,0.5,16
"8",0.653,0.5,0.5,16
"9",0.584,0.7,0.5,16
"10",0.564,1,0.5,16
"11",1,0,0.5,20
"12",0.829,0.25,0.5,20
"13",0.689,0.5,0.5,20
"14",0.638,0.7,0.5,20
"15",0.591,1,0.5,20
"16",1,0,0.5,30
"17",0.918,0.25,0.5,30
"18",0.794,0.5,0.5,30
"19",0.671,0.7,0.5,30
"20",0.661,1,0.5,30
"21",1,0,0.5,100
"22",0.99,0.25,0.5,100
"23",0.888,0.5,0.5,100
"24",0.834,0.7,0.5,100
"25",0.739,1,0.5,100
