"","accuracy","deviation","slope","cells"
"1",0,0,0.5,7
"2",0.305,0.25,0.5,7
"3",0.398,0.5,0.5,7
"4",0.437,0.7,0.5,7
"5",0.427,1,0.5,7
"6",0,0,0.5,16
"7",0.154,0.25,0.5,16
"8",0.327,0.5,0.5,16
"9",0.333,0.7,0.5,16
"10",0.42,1,0.5,16
"11",0,0,0.5,20
"12",0.143,0.25,0.5,20
"13",0.267,0.5,0.5,20
"14",0.36,0.7,0.5,20
"15",0.376,1,0.5,20
"16",0,0,0.5,30
"17",0.07,0.25,0.5,30
"18",0.228,0.5,0.5,30
"19",0.322,0.7,0.5,30
"20",0.379,1,0.5,30
"21",0,0,0.5,100
"22",0.001,0.25,0.5,100
"23",0.088,0.5,0.5,100
"24",0.155,0.7,0.5,100
"25",0.216,1,0.5,100
