"","accuracy","deviation","slope","cells"
"1",0,0,0.5,7
"2",0.262,0.25,0.5,7
"3",0.382,0.5,0.5,7
"4",0.407,0.7,0.5,7
"5",0.444,1,0.5,7
"6",0,0,0.5,16
"7",0.123,0.25,0.5,16
"8",0.29,0.5,0.5,16
"9",0.321,0.7,0.5,16
"10",0.431,1,0.5,16
"11",0,0,0.5,20
"12",0.128,0.25,0.5,20
"13",0.246,0.5,0.5,20
"14",0.325,0.7,0.5,20
"15",0.404,1,0.5,20
"16",0,0,0.5,30
"17",0.058,0.25,0.5,30
"18",0.19,0.5,0.5,30
"19",0.293,0.7,0.5,30
"20",0.303,1,0.5,30
"21",0,0,0.5,100
"22",0.003,0.25,0.5,100
"23",0.102,0.5,0.5,100
"24",0.151,0.7,0.5,100
"25",0.149,1,0.5,100
