"","accuracy","deviation","slope","cells"
"1",0.471,0.5,0.25,7
"2",0.406,0.5,0.25,16
"3",0.395,0.5,0.25,20
"4",0.366,0.5,0.25,30
"5",0.266,0.5,0.25,100
"6",0.449,1,0.5,7
"7",0.373,1,0.5,16
"8",0.376,1,0.5,20
"9",0.346,1,0.5,30
"10",0.218,1,0.5,100
"11",0.455,3,1.5,7
"12",0.404,3,1.5,16
"13",0.407,3,1.5,20
"14",0.393,3,1.5,30
"15",0.218,3,1.5,100
"16",0.427,4,2,7
"17",0.37,4,2,16
"18",0.4,4,2,20
"19",0.356,4,2,30
"20",0.247,4,2,100
"21",0.472,6,3,7
"22",0.392,6,3,16
"23",0.397,6,3,20
"24",0.382,6,3,30
"25",0.258,6,3,100
