"","accuracy","deviation","slope","cells"
"1",0.462,0.5,0.25,7
"2",0.42,0.5,0.25,16
"3",0.426,0.5,0.25,20
"4",0.336,0.5,0.25,30
"5",0.232,0.5,0.25,100
"6",0.485,1,0.5,7
"7",0.388,1,0.5,16
"8",0.407,1,0.5,20
"9",0.345,1,0.5,30
"10",0.254,1,0.5,100
"11",0.434,3,1.5,7
"12",0.402,3,1.5,16
"13",0.368,3,1.5,20
"14",0.341,3,1.5,30
"15",0.229,3,1.5,100
"16",0.444,4,2,7
"17",0.395,4,2,16
"18",0.371,4,2,20
"19",0.364,4,2,30
"20",0.283,4,2,100
"21",0.443,6,3,7
"22",0.406,6,3,16
"23",0.402,6,3,20
"24",0.357,6,3,30
"25",0.249,6,3,100
