"","accuracy","deviation","slope","cells"
"1",0.412,0.5,0.25,7
"2",0.391,0.5,0.25,16
"3",0.37,0.5,0.25,20
"4",0.348,0.5,0.25,30
"5",0.26,0.5,0.25,100
"6",0.478,1,0.5,7
"7",0.386,1,0.5,16
"8",0.349,1,0.5,20
"9",0.366,1,0.5,30
"10",0.258,1,0.5,100
"11",0.457,3,1.5,7
"12",0.432,3,1.5,16
"13",0.408,3,1.5,20
"14",0.359,3,1.5,30
"15",0.229,3,1.5,100
"16",0.462,4,2,7
"17",0.424,4,2,16
"18",0.369,4,2,20
"19",0.356,4,2,30
"20",0.25,4,2,100
"21",0.411,6,3,7
"22",0.415,6,3,16
"23",0.368,6,3,20
"24",0.357,6,3,30
"25",0.243,6,3,100
