"","accuracy","deviation","slope","cells"
"1",0.453,0.5,0.25,7
"2",0.419,0.5,0.25,16
"3",0.404,0.5,0.25,20
"4",0.336,0.5,0.25,30
"5",0.246,0.5,0.25,100
"6",0.452,1,0.5,7
"7",0.393,1,0.5,16
"8",0.376,1,0.5,20
"9",0.328,1,0.5,30
"10",0.267,1,0.5,100
"11",0.443,3,1.5,7
"12",0.36,3,1.5,16
"13",0.376,3,1.5,20
"14",0.373,3,1.5,30
"15",0.263,3,1.5,100
"16",0.449,4,2,7
"17",0.412,4,2,16
"18",0.403,4,2,20
"19",0.345,4,2,30
"20",0.219,4,2,100
"21",0.45,6,3,7
"22",0.404,6,3,16
"23",0.41,6,3,20
"24",0.359,6,3,30
"25",0.245,6,3,100
