"","accuracy","deviation","slope","cells"
"1",0.47,0.5,0.25,7
"2",0.392,0.5,0.25,16
"3",0.357,0.5,0.25,20
"4",0.346,0.5,0.25,30
"5",0.261,0.5,0.25,100
"6",0.445,1,0.5,7
"7",0.394,1,0.5,16
"8",0.386,1,0.5,20
"9",0.363,1,0.5,30
"10",0.258,1,0.5,100
"11",0.438,3,1.5,7
"12",0.397,3,1.5,16
"13",0.384,3,1.5,20
"14",0.363,3,1.5,30
"15",0.233,3,1.5,100
"16",0.428,4,2,7
"17",0.387,4,2,16
"18",0.379,4,2,20
"19",0.316,4,2,30
"20",0.268,4,2,100
"21",0.428,6,3,7
"22",0.402,6,3,16
"23",0.387,6,3,20
"24",0.372,6,3,30
"25",0.248,6,3,100
