"","accuracy","deviation","slope","cells"
"1",0.451,0.5,0.25,7
"2",0.381,0.5,0.25,16
"3",0.391,0.5,0.25,20
"4",0.355,0.5,0.25,30
"5",0.241,0.5,0.25,100
"6",0.418,1,0.5,7
"7",0.421,1,0.5,16
"8",0.409,1,0.5,20
"9",0.364,1,0.5,30
"10",0.25,1,0.5,100
"11",0.456,3,1.5,7
"12",0.413,3,1.5,16
"13",0.385,3,1.5,20
"14",0.376,3,1.5,30
"15",0.273,3,1.5,100
"16",0.458,4,2,7
"17",0.437,4,2,16
"18",0.374,4,2,20
"19",0.349,4,2,30
"20",0.241,4,2,100
"21",0.432,6,3,7
"22",0.383,6,3,16
"23",0.401,6,3,20
"24",0.387,6,3,30
"25",0.244,6,3,100
