"","accuracy","deviation","slope","cells"
"1",0.472,0.5,0.25,7
"2",0.427,0.5,0.25,16
"3",0.373,0.5,0.25,20
"4",0.364,0.5,0.25,30
"5",0.242,0.5,0.25,100
"6",0.412,1,0.5,7
"7",0.382,1,0.5,16
"8",0.384,1,0.5,20
"9",0.359,1,0.5,30
"10",0.247,1,0.5,100
"11",0.434,3,1.5,7
"12",0.407,3,1.5,16
"13",0.396,3,1.5,20
"14",0.369,3,1.5,30
"15",0.25,3,1.5,100
"16",0.438,4,2,7
"17",0.429,4,2,16
"18",0.375,4,2,20
"19",0.364,4,2,30
"20",0.228,4,2,100
"21",0.463,6,3,7
"22",0.419,6,3,16
"23",0.365,6,3,20
"24",0.353,6,3,30
"25",0.25,6,3,100
