"","accuracy","deviation","slope","cells"
"1",0.445,0.5,0.25,7
"2",0.444,0.5,0.25,16
"3",0.396,0.5,0.25,20
"4",0.363,0.5,0.25,30
"5",0.252,0.5,0.25,100
"6",0.455,1,0.5,7
"7",0.398,1,0.5,16
"8",0.392,1,0.5,20
"9",0.361,1,0.5,30
"10",0.251,1,0.5,100
"11",0.435,3,1.5,7
"12",0.43,3,1.5,16
"13",0.386,3,1.5,20
"14",0.342,3,1.5,30
"15",0.246,3,1.5,100
"16",0.446,4,2,7
"17",0.409,4,2,16
"18",0.382,4,2,20
"19",0.403,4,2,30
"20",0.243,4,2,100
"21",0.423,6,3,7
"22",0.385,6,3,16
"23",0.371,6,3,20
"24",0.371,6,3,30
"25",0.264,6,3,100
