"","accuracy","deviation","slope","cells"
"1",0.455,0.5,0.25,7
"2",0.391,0.5,0.25,16
"3",0.421,0.5,0.25,20
"4",0.363,0.5,0.25,30
"5",0.252,0.5,0.25,100
"6",0.437,1,0.5,7
"7",0.403,1,0.5,16
"8",0.381,1,0.5,20
"9",0.386,1,0.5,30
"10",0.306,1,0.5,100
"11",0.468,3,1.5,7
"12",0.39,3,1.5,16
"13",0.387,3,1.5,20
"14",0.371,3,1.5,30
"15",0.223,3,1.5,100
"16",0.434,4,2,7
"17",0.429,4,2,16
"18",0.401,4,2,20
"19",0.353,4,2,30
"20",0.24,4,2,100
"21",0.445,6,3,7
"22",0.406,6,3,16
"23",0.384,6,3,20
"24",0.363,6,3,30
"25",0.293,6,3,100
