"","accuracy","deviation","slope","cells"
"1",0.466,0.5,0.25,7
"2",0.415,0.5,0.25,16
"3",0.392,0.5,0.25,20
"4",0.388,0.5,0.25,30
"5",0.262,0.5,0.25,100
"6",0.447,1,0.5,7
"7",0.403,1,0.5,16
"8",0.373,1,0.5,20
"9",0.348,1,0.5,30
"10",0.258,1,0.5,100
"11",0.484,3,1.5,7
"12",0.375,3,1.5,16
"13",0.433,3,1.5,20
"14",0.338,3,1.5,30
"15",0.25,3,1.5,100
"16",0.435,4,2,7
"17",0.413,4,2,16
"18",0.384,4,2,20
"19",0.322,4,2,30
"20",0.271,4,2,100
"21",0.426,6,3,7
"22",0.396,6,3,16
"23",0.398,6,3,20
"24",0.376,6,3,30
"25",0.25,6,3,100
