"","accuracy","deviation","slope","cells"
"1",0.991,0,0.5,7
"2",0.642,0.25,0.5,7
"3",0.602,0.5,0.5,7
"4",0.591,0.7,0.5,7
"5",0.54,1,0.5,7
"6",1,0,0.5,16
"7",0.796,0.25,0.5,16
"8",0.667,0.5,0.5,16
"9",0.636,0.7,0.5,16
"10",0.581,1,0.5,16
"11",1,0,0.5,20
"12",0.855,0.25,0.5,20
"13",0.691,0.5,0.5,20
"14",0.634,0.7,0.5,20
"15",0.611,1,0.5,20
"16",1,0,0.5,30
"17",0.926,0.25,0.5,30
"18",0.745,0.5,0.5,30
"19",0.661,0.7,0.5,30
"20",0.62,1,0.5,30
"21",1,0,0.5,100
"22",0.996,0.25,0.5,100
"23",0.885,0.5,0.5,100
"24",0.853,0.7,0.5,100
"25",0.717,1,0.5,100
