"","accuracy","deviation","slope","cells"
"1",0,0,0.5,7
"2",0.287,0.25,0.5,7
"3",0.397,0.5,0.5,7
"4",0.384,0.7,0.5,7
"5",0.431,1,0.5,7
"6",0,0,0.5,16
"7",0.177,0.25,0.5,16
"8",0.327,0.5,0.5,16
"9",0.38,0.7,0.5,16
"10",0.413,1,0.5,16
"11",0,0,0.5,20
"12",0.119,0.25,0.5,20
"13",0.227,0.5,0.5,20
"14",0.356,0.7,0.5,20
"15",0.357,1,0.5,20
"16",0,0,0.5,30
"17",0.073,0.25,0.5,30
"18",0.212,0.5,0.5,30
"19",0.229,0.7,0.5,30
"20",0.333,1,0.5,30
"21",0,0,0.5,100
"22",0.001,0.25,0.5,100
"23",0.089,0.5,0.5,100
"24",0.141,0.7,0.5,100
"25",0.179,1,0.5,100
