"","accuracy","deviation","slope","cells"
"1",0,0,0.5,7
"2",0.291,0.25,0.5,7
"3",0.408,0.5,0.5,7
"4",0.4,0.7,0.5,7
"5",0.422,1,0.5,7
"6",0,0,0.5,16
"7",0.16,0.25,0.5,16
"8",0.328,0.5,0.5,16
"9",0.372,0.7,0.5,16
"10",0.426,1,0.5,16
"11",0,0,0.5,20
"12",0.123,0.25,0.5,20
"13",0.283,0.5,0.5,20
"14",0.352,0.7,0.5,20
"15",0.377,1,0.5,20
"16",0,0,0.5,30
"17",0.063,0.25,0.5,30
"18",0.237,0.5,0.5,30
"19",0.304,0.7,0.5,30
"20",0.358,1,0.5,30
"21",0,0,0.5,100
"22",0.002,0.25,0.5,100
"23",0.094,0.5,0.5,100
"24",0.185,0.7,0.5,100
"25",0.246,1,0.5,100