"","accuracy","deviation","slope","cells"
"1",0.995,0,0.5,7
"2",0.688,0.25,0.5,7
"3",0.578,0.5,0.5,7
"4",0.553,0.7,0.5,7
"5",0.538,1,0.5,7
"6",1,0,0.5,16
"7",0.826,0.25,0.5,16
"8",0.663,0.5,0.5,16
"9",0.636,0.7,0.5,16
"10",0.594,1,0.5,16
"11",1,0,0.5,20
"12",0.832,0.25,0.5,20
"13",0.703,0.5,0.5,20
"14",0.633,0.7,0.5,20
"15",0.6,1,0.5,20
"16",1,0,0.5,30
"17",0.9,0.25,0.5,30
"18",0.747,0.5,0.5,30
"19",0.68,0.7,0.5,30
"20",0.632,1,0.5,30
"21",1,0,0.5,100
"22",0.992,0.25,0.5,100
"23",0.894,0.5,0.5,100
"24",0.82,0.7,0.5,100
"25",0.725,1,0.5,100