"","accuracy","deviation","slope","cells"
"1",0.641,0.5,1,7
"2",0.784,0.5,1,16
"3",0.831,0.5,1,20
"4",0.893,0.5,1,30
"5",0.999,0.5,1,100
"6",0.676,0.75,1.5,7
"7",0.818,0.75,1.5,16
"8",0.838,0.75,1.5,20
"9",0.913,0.75,1.5,30
"10",0.996,0.75,1.5,100
"11",0.673,1,2,7
"12",0.803,1,2,16
"13",0.853,1,2,20
"14",0.912,1,2,30
"15",0.994,1,2,100
"16",0.672,2,4,7
"17",0.799,2,4,16
"18",0.836,2,4,20
"19",0.934,2,4,30
"20",0.997,2,4,100
"21",0.681,3,6,7
"22",0.807,3,6,16
"23",0.878,3,6,20
"24",0.914,3,6,30
"25",0.993,3,6,100
