"","accuracy","deviation","slope","cells"
"1",0.667,0.5,1,7
"2",0.783,0.5,1,16
"3",0.823,0.5,1,20
"4",0.91,0.5,1,30
"5",0.995,0.5,1,100
"6",0.681,0.75,1.5,7
"7",0.8,0.75,1.5,16
"8",0.874,0.75,1.5,20
"9",0.915,0.75,1.5,30
"10",0.996,0.75,1.5,100
"11",0.698,1,2,7
"12",0.812,1,2,16
"13",0.835,1,2,20
"14",0.919,1,2,30
"15",0.995,1,2,100
"16",0.667,2,4,7
"17",0.819,2,4,16
"18",0.839,2,4,20
"19",0.916,2,4,30
"20",0.996,2,4,100
"21",0.65,3,6,7
"22",0.819,3,6,16
"23",0.828,3,6,20
"24",0.904,3,6,30
"25",0.998,3,6,100
