"","accuracy","deviation","slope","cells"
"1",0.665,0.5,1,7
"2",0.814,0.5,1,16
"3",0.841,0.5,1,20
"4",0.923,0.5,1,30
"5",0.995,0.5,1,100
"6",0.681,0.75,1.5,7
"7",0.806,0.75,1.5,16
"8",0.835,0.75,1.5,20
"9",0.915,0.75,1.5,30
"10",0.995,0.75,1.5,100
"11",0.657,1,2,7
"12",0.81,1,2,16
"13",0.831,1,2,20
"14",0.9,1,2,30
"15",1,1,2,100
"16",0.664,2,4,7
"17",0.788,2,4,16
"18",0.843,2,4,20
"19",0.927,2,4,30
"20",0.998,2,4,100
"21",0.666,3,6,7
"22",0.802,3,6,16
"23",0.85,3,6,20
"24",0.905,3,6,30
"25",0.996,3,6,100
