"","accuracy","deviation","slope","cells"
"1",0.68,0.5,1,7
"2",0.808,0.5,1,16
"3",0.853,0.5,1,20
"4",0.919,0.5,1,30
"5",0.997,0.5,1,100
"6",0.667,0.75,1.5,7
"7",0.823,0.75,1.5,16
"8",0.847,0.75,1.5,20
"9",0.909,0.75,1.5,30
"10",0.997,0.75,1.5,100
"11",0.678,1,2,7
"12",0.786,1,2,16
"13",0.832,1,2,20
"14",0.91,1,2,30
"15",0.998,1,2,100
"16",0.654,2,4,7
"17",0.827,2,4,16
"18",0.848,2,4,20
"19",0.906,2,4,30
"20",0.998,2,4,100
"21",0.641,3,6,7
"22",0.817,3,6,16
"23",0.856,3,6,20
"24",0.92,3,6,30
"25",0.996,3,6,100
