"","accuracy","deviation","slope","cells"
"1",0.652,0.5,1,7
"2",0.821,0.5,1,16
"3",0.849,0.5,1,20
"4",0.9,0.5,1,30
"5",0.997,0.5,1,100
"6",0.677,0.75,1.5,7
"7",0.828,0.75,1.5,16
"8",0.847,0.75,1.5,20
"9",0.909,0.75,1.5,30
"10",0.997,0.75,1.5,100
"11",0.668,1,2,7
"12",0.796,1,2,16
"13",0.843,1,2,20
"14",0.927,1,2,30
"15",0.996,1,2,100
"16",0.677,2,4,7
"17",0.807,2,4,16
"18",0.847,2,4,20
"19",0.913,2,4,30
"20",0.997,2,4,100
"21",0.658,3,6,7
"22",0.785,3,6,16
"23",0.833,3,6,20
"24",0.925,3,6,30
"25",0.996,3,6,100
