"","accuracy","deviation","slope","cells"
"1",0.665,0.5,1,7
"2",0.796,0.5,1,16
"3",0.839,0.5,1,20
"4",0.924,0.5,1,30
"5",0.993,0.5,1,100
"6",0.674,0.75,1.5,7
"7",0.817,0.75,1.5,16
"8",0.854,0.75,1.5,20
"9",0.911,0.75,1.5,30
"10",0.995,0.75,1.5,100
"11",0.641,1,2,7
"12",0.797,1,2,16
"13",0.829,1,2,20
"14",0.911,1,2,30
"15",0.994,1,2,100
"16",0.663,2,4,7
"17",0.812,2,4,16
"18",0.849,2,4,20
"19",0.907,2,4,30
"20",0.997,2,4,100
"21",0.666,3,6,7
"22",0.8,3,6,16
"23",0.849,3,6,20
"24",0.903,3,6,30
"25",0.998,3,6,100
