"","accuracy","deviation","slope","cells"
"1",0.667,0.5,1,7
"2",0.811,0.5,1,16
"3",0.854,0.5,1,20
"4",0.894,0.5,1,30
"5",0.991,0.5,1,100
"6",0.646,0.75,1.5,7
"7",0.815,0.75,1.5,16
"8",0.853,0.75,1.5,20
"9",0.902,0.75,1.5,30
"10",0.997,0.75,1.5,100
"11",0.678,1,2,7
"12",0.791,1,2,16
"13",0.834,1,2,20
"14",0.903,1,2,30
"15",0.997,1,2,100
"16",0.658,2,4,7
"17",0.811,2,4,16
"18",0.834,2,4,20
"19",0.908,2,4,30
"20",0.997,2,4,100
"21",0.668,3,6,7
"22",0.783,3,6,16
"23",0.83,3,6,20
"24",0.914,3,6,30
"25",0.996,3,6,100
