"","accuracy","deviation","slope","cells"
"1",0.676,0.5,1,7
"2",0.78,0.5,1,16
"3",0.835,0.5,1,20
"4",0.895,0.5,1,30
"5",0.998,0.5,1,100
"6",0.655,0.75,1.5,7
"7",0.797,0.75,1.5,16
"8",0.853,0.75,1.5,20
"9",0.9,0.75,1.5,30
"10",0.999,0.75,1.5,100
"11",0.65,1,2,7
"12",0.82,1,2,16
"13",0.832,1,2,20
"14",0.927,1,2,30
"15",0.997,1,2,100
"16",0.678,2,4,7
"17",0.818,2,4,16
"18",0.839,2,4,20
"19",0.9,2,4,30
"20",0.996,2,4,100
"21",0.667,3,6,7
"22",0.812,3,6,16
"23",0.855,3,6,20
"24",0.913,3,6,30
"25",0.998,3,6,100
