"","accuracy","deviation","slope","cells"
"1",0.689,0.5,1,7
"2",0.822,0.5,1,16
"3",0.843,0.5,1,20
"4",0.901,0.5,1,30
"5",0.994,0.5,1,100
"6",0.68,0.75,1.5,7
"7",0.814,0.75,1.5,16
"8",0.816,0.75,1.5,20
"9",0.91,0.75,1.5,30
"10",0.994,0.75,1.5,100
"11",0.636,1,2,7
"12",0.807,1,2,16
"13",0.857,1,2,20
"14",0.913,1,2,30
"15",0.99,1,2,100
"16",0.672,2,4,7
"17",0.821,2,4,16
"18",0.84,2,4,20
"19",0.902,2,4,30
"20",0.995,2,4,100
"21",0.68,3,6,7
"22",0.798,3,6,16
"23",0.848,3,6,20
"24",0.905,3,6,30
"25",0.994,3,6,100
