"","accuracy","deviation","slope","cells"
"1",0.642,0.5,1,7
"2",0.812,0.5,1,16
"3",0.857,0.5,1,20
"4",0.91,0.5,1,30
"5",0.998,0.5,1,100
"6",0.705,0.75,1.5,7
"7",0.803,0.75,1.5,16
"8",0.867,0.75,1.5,20
"9",0.908,0.75,1.5,30
"10",0.996,0.75,1.5,100
"11",0.63,1,2,7
"12",0.814,1,2,16
"13",0.86,1,2,20
"14",0.904,1,2,30
"15",0.994,1,2,100
"16",0.68,2,4,7
"17",0.814,2,4,16
"18",0.828,2,4,20
"19",0.907,2,4,30
"20",0.995,2,4,100
"21",0.666,3,6,7
"22",0.811,3,6,16
"23",0.84,3,6,20
"24",0.901,3,6,30
"25",0.995,3,6,100
