"","accuracy","deviation","slope","cells"
"1",0.57,1,0.5,7
"2",0.623,1,0.5,16
"3",0.616,1,0.5,20
"4",0.64,1,0.5,30
"5",0.767,1,0.5,100
"6",0.572,1.5,0.75,7
"7",0.586,1.5,0.75,16
"8",0.614,1.5,0.75,20
"9",0.663,1.5,0.75,30
"10",0.771,1.5,0.75,100
"11",0.526,2,1,7
"12",0.59,2,1,16
"13",0.65,2,1,20
"14",0.651,2,1,30
"15",0.758,2,1,100
"16",0.548,4,2,7
"17",0.565,4,2,16
"18",0.635,4,2,20
"19",0.614,4,2,30
"20",0.76,4,2,100
"21",0.552,6,3,7
"22",0.602,6,3,16
"23",0.578,6,3,20
"24",0.642,6,3,30
"25",0.786,6,3,100
