"","accuracy","deviation","slope","cells"
"1",0.672,0.5,1,7
"2",0.798,0.5,1,16
"3",0.825,0.5,1,20
"4",0.903,0.5,1,30
"5",0.997,0.5,1,100
"6",0.652,0.75,1.5,7
"7",0.819,0.75,1.5,16
"8",0.857,0.75,1.5,20
"9",0.934,0.75,1.5,30
"10",0.996,0.75,1.5,100
"11",0.635,1,2,7
"12",0.802,1,2,16
"13",0.87,1,2,20
"14",0.871,1,2,30
"15",0.996,1,2,100
"16",0.649,2,4,7
"17",0.789,2,4,16
"18",0.856,2,4,20
"19",0.925,2,4,30
"20",0.997,2,4,100
"21",0.648,3,6,7
"22",0.8,3,6,16
"23",0.865,3,6,20
"24",0.874,3,6,30
"25",0.994,3,6,100
