"","accuracy","deviation","slope","cells"
"1",0.645,0.5,0.75,7
"2",0.675,0.5,0.75,16
"3",0.799,0.5,0.75,20
"4",0.842,0.5,0.75,30
"5",0.972,0.5,0.75,100
"6",0.655,1.5,2.25,7
"7",0.751,1.5,2.25,16
"8",0.751,1.5,2.25,20
"9",0.81,1.5,2.25,30
"10",0.967,1.5,2.25,100
"11",0.642,1,1.5,7
"12",0.76,1,1.5,16
"13",0.759,1,1.5,20
"14",0.852,1,1.5,30
"15",0.975,1,1.5,100
"16",0.625,2,3,7
"17",0.718,2,3,16
"18",0.799,2,3,20
"19",0.863,2,3,30
"20",0.975,2,3,100
"21",0.623,3,4.5,7
"22",0.741,3,4.5,16
"23",0.811,3,4.5,20
"24",0.867,3,4.5,30
"25",0.979,3,4.5,100
