"","accuracy","deviation","slope","cells"
"1",0.722,0.5,1.5,7
"2",0.938,0.5,1.5,16
"3",0.936,0.5,1.5,20
"4",0.976,0.5,1.5,30
"5",1,0.5,1.5,100
"6",0.776,0.75,2.25,7
"7",0.916,0.75,2.25,16
"8",0.95,0.75,2.25,20
"9",0.98,0.75,2.25,30
"10",1,0.75,2.25,100
"11",0.767,1,3,7
"12",0.884,1,3,16
"13",0.951,1,3,20
"14",0.969,1,3,30
"15",1,1,3,100
"16",0.746,2,6,7
"17",0.905,2,6,16
"18",0.932,2,6,20
"19",0.975,2,6,30
"20",1,2,6,100
"21",0.715,3,9,7
"22",0.899,3,9,16
"23",0.939,3,9,20
"24",0.964,3,9,30
"25",1,3,9,100
