"","accuracy","deviation","slope","cells"
"1",0.597,0.5,0.5,7
"2",0.674,0.5,0.5,16
"3",0.704,0.5,0.5,20
"4",0.796,0.5,0.5,30
"5",0.931,0.5,0.5,100
"6",0.664,1,1,7
"7",0.709,1,1,16
"8",0.7,1,1,20
"9",0.762,1,1,30
"10",0.919,1,1,100
"11",0.611,1.75,1.75,7
"12",0.656,1.75,1.75,16
"13",0.714,1.75,1.75,20
"14",0.776,1.75,1.75,30
"15",0.929,1.75,1.75,100
"16",0.6,2,2,7
"17",0.71,2,2,16
"18",0.676,2,2,20
"19",0.819,2,2,30
"20",0.907,2,2,100
"21",0.646,3,3,7
"22",0.687,3,3,16
"23",0.71,3,3,20
"24",0.755,3,3,30
"25",0.913,3,3,100
