"","accuracy","deviation","slope","cells"
"1",0.709,0.5,1.5,7
"2",0.876,0.5,1.5,16
"3",0.927,0.5,1.5,20
"4",0.967,0.5,1.5,30
"5",1,0.5,1.5,100
"6",0.715,0.75,2.25,7
"7",0.893,0.75,2.25,16
"8",0.949,0.75,2.25,20
"9",0.969,0.75,2.25,30
"10",1,0.75,2.25,100
"11",0.709,1,3,7
"12",0.913,1,3,16
"13",0.933,1,3,20
"14",0.972,1,3,30
"15",1,1,3,100
"16",0.72,2,6,7
"17",0.897,2,6,16
"18",0.922,2,6,20
"19",0.978,2,6,30
"20",1,2,6,100
"21",0.742,3,9,7
"22",0.903,3,9,16
"23",0.919,3,9,20
"24",0.978,3,9,30
"25",1,3,9,100
