"","accuracy","deviation","slope","cells"
"1",0.708,0.5,1.5,7
"2",0.896,0.5,1.5,16
"3",0.937,0.5,1.5,20
"4",0.976,0.5,1.5,30
"5",1,0.5,1.5,100
"6",0.722,0.75,2.25,7
"7",0.914,0.75,2.25,16
"8",0.935,0.75,2.25,20
"9",0.984,0.75,2.25,30
"10",1,0.75,2.25,100
"11",0.731,1,3,7
"12",0.89,1,3,16
"13",0.926,1,3,20
"14",0.99,1,3,30
"15",1,1,3,100
"16",0.741,2,6,7
"17",0.916,2,6,16
"18",0.94,2,6,20
"19",0.978,2,6,30
"20",1,2,6,100
"21",0.744,3,9,7
"22",0.889,3,9,16
"23",0.917,3,9,20
"24",0.98,3,9,30
"25",1,3,9,100
