"","accuracy","deviation","slope","cells"
"1",0.733,0.5,1.5,7
"2",0.907,0.5,1.5,16
"3",0.935,0.5,1.5,20
"4",0.978,0.5,1.5,30
"5",1,0.5,1.5,100
"6",0.725,0.75,2.25,7
"7",0.896,0.75,2.25,16
"8",0.937,0.75,2.25,20
"9",0.979,0.75,2.25,30
"10",0.999,0.75,2.25,100
"11",0.724,1,3,7
"12",0.904,1,3,16
"13",0.929,1,3,20
"14",0.975,1,3,30
"15",1,1,3,100
"16",0.729,2,6,7
"17",0.891,2,6,16
"18",0.931,2,6,20
"19",0.982,2,6,30
"20",1,2,6,100
"21",0.756,3,9,7
"22",0.912,3,9,16
"23",0.939,3,9,20
"24",0.973,3,9,30
"25",1,3,9,100
