"","accuracy","deviation","slope","cells"
"1",0.748,0.5,1.5,7
"2",0.911,0.5,1.5,16
"3",0.929,0.5,1.5,20
"4",0.982,0.5,1.5,30
"5",1,0.5,1.5,100
"6",0.731,0.75,2.25,7
"7",0.895,0.75,2.25,16
"8",0.915,0.75,2.25,20
"9",0.961,0.75,2.25,30
"10",1,0.75,2.25,100
"11",0.734,1,3,7
"12",0.888,1,3,16
"13",0.923,1,3,20
"14",0.976,1,3,30
"15",1,1,3,100
"16",0.742,2,6,7
"17",0.9,2,6,16
"18",0.926,2,6,20
"19",0.966,2,6,30
"20",1,2,6,100
"21",0.754,3,9,7
"22",0.891,3,9,16
"23",0.944,3,9,20
"24",0.975,3,9,30
"25",1,3,9,100
