"","accuracy","deviation","slope","cells"
"1",0.727,0.5,1.5,7
"2",0.902,0.5,1.5,16
"3",0.923,0.5,1.5,20
"4",0.964,0.5,1.5,30
"5",1,0.5,1.5,100
"6",0.75,0.75,2.25,7
"7",0.903,0.75,2.25,16
"8",0.931,0.75,2.25,20
"9",0.978,0.75,2.25,30
"10",1,0.75,2.25,100
"11",0.727,1,3,7
"12",0.898,1,3,16
"13",0.934,1,3,20
"14",0.971,1,3,30
"15",1,1,3,100
"16",0.736,2,6,7
"17",0.887,2,6,16
"18",0.919,2,6,20
"19",0.971,2,6,30
"20",1,2,6,100
"21",0.75,3,9,7
"22",0.902,3,9,16
"23",0.932,3,9,20
"24",0.973,3,9,30
"25",1,3,9,100
