"","accuracy","deviation","slope","cells"
"1",0.716,0.5,1.5,7
"2",0.893,0.5,1.5,16
"3",0.932,0.5,1.5,20
"4",0.973,0.5,1.5,30
"5",1,0.5,1.5,100
"6",0.745,0.75,2.25,7
"7",0.892,0.75,2.25,16
"8",0.926,0.75,2.25,20
"9",0.978,0.75,2.25,30
"10",1,0.75,2.25,100
"11",0.717,1,3,7
"12",0.894,1,3,16
"13",0.945,1,3,20
"14",0.97,1,3,30
"15",1,1,3,100
"16",0.714,2,6,7
"17",0.909,2,6,16
"18",0.932,2,6,20
"19",0.977,2,6,30
"20",1,2,6,100
"21",0.726,3,9,7
"22",0.91,3,9,16
"23",0.947,3,9,20
"24",0.98,3,9,30
"25",1,3,9,100
