"","accuracy","deviation","slope","cells"
"1",0.722,0.5,1.5,7
"2",0.892,0.5,1.5,16
"3",0.931,0.5,1.5,20
"4",0.967,0.5,1.5,30
"5",1,0.5,1.5,100
"6",0.757,0.75,2.25,7
"7",0.897,0.75,2.25,16
"8",0.939,0.75,2.25,20
"9",0.979,0.75,2.25,30
"10",1,0.75,2.25,100
"11",0.719,1,3,7
"12",0.895,1,3,16
"13",0.921,1,3,20
"14",0.976,1,3,30
"15",1,1,3,100
"16",0.733,2,6,7
"17",0.886,2,6,16
"18",0.941,2,6,20
"19",0.975,2,6,30
"20",1,2,6,100
"21",0.747,3,9,7
"22",0.894,3,9,16
"23",0.936,3,9,20
"24",0.977,3,9,30
"25",1,3,9,100
