"","accuracy","deviation","slope","cells"
"1",0.716,0.5,1.5,7
"2",0.897,0.5,1.5,16
"3",0.931,0.5,1.5,20
"4",0.98,0.5,1.5,30
"5",1,0.5,1.5,100
"6",0.759,0.75,2.25,7
"7",0.89,0.75,2.25,16
"8",0.931,0.75,2.25,20
"9",0.969,0.75,2.25,30
"10",1,0.75,2.25,100
"11",0.752,1,3,7
"12",0.894,1,3,16
"13",0.942,1,3,20
"14",0.951,1,3,30
"15",1,1,3,100
"16",0.771,2,6,7
"17",0.89,2,6,16
"18",0.924,2,6,20
"19",0.98,2,6,30
"20",1,2,6,100
"21",0.717,3,9,7
"22",0.89,3,9,16
"23",0.923,3,9,20
"24",0.985,3,9,30
"25",1,3,9,100
