"","accuracy","deviation","slope","cells"
"1",0.711,0.5,1.5,7
"2",0.899,0.5,1.5,16
"3",0.926,0.5,1.5,20
"4",0.984,0.5,1.5,30
"5",1,0.5,1.5,100
"6",0.728,0.75,2.25,7
"7",0.902,0.75,2.25,16
"8",0.922,0.75,2.25,20
"9",0.979,0.75,2.25,30
"10",1,0.75,2.25,100
"11",0.724,1,3,7
"12",0.9,1,3,16
"13",0.907,1,3,20
"14",0.972,1,3,30
"15",1,1,3,100
"16",0.717,2,6,7
"17",0.892,2,6,16
"18",0.916,2,6,20
"19",0.973,2,6,30
"20",1,2,6,100
"21",0.755,3,9,7
"22",0.91,3,9,16
"23",0.927,3,9,20
"24",0.969,3,9,30
"25",1,3,9,100
