"","accuracy","deviation","slope","cells"
"1",0.993,0,0.5,7
"2",0.634,0.25,0.5,7
"3",0.571,0.5,0.5,7
"4",0.558,0.7,0.5,7
"5",0.542,1,0.5,7
"6",1,0,0.5,16
"7",0.801,0.25,0.5,16
"8",0.656,0.5,0.5,16
"9",0.641,0.7,0.5,16
"10",0.569,1,0.5,16
"11",1,0,0.5,20
"12",0.863,0.25,0.5,20
"13",0.699,0.5,0.5,20
"14",0.655,0.7,0.5,20
"15",0.591,1,0.5,20
"16",1,0,0.5,30
"17",0.915,0.25,0.5,30
"18",0.748,0.5,0.5,30
"19",0.681,0.7,0.5,30
"20",0.64,1,0.5,30
"21",1,0,0.5,100
"22",0.998,0.25,0.5,100
"23",0.904,0.5,0.5,100
"24",0.834,0.7,0.5,100
"25",0.72,1,0.5,100